day,views,redViews,comments,likes,dislikes,videosAddedToPlaylists,videosRemovedFromPlaylists,shares,estimatedMinutesWatched,estimatedRedMinutesWatched,averageViewDuration,averageViewPercentage,annotationClickThroughRate,annotationCloseRate,annotationImpressions,annotationClickableImpressions,annotationClosableImpressions,annotationClicks,annotationCloses,cardClickRate,cardTeaserClickRate,cardImpressions,cardTeaserImpressions,cardClicks,cardTeaserClicks,subscribersGained,subscribersLost
2014-10-27,15,0,1,5,0,0,0,0,20,0,80,66.35,0.060599999999999994,0.04,33,33,25,2,1,0,0,0,0,0,0,0,0
2014-10-28,4,0,0,1,0,0,0,0,7,0,109,89.83,0.0,0.0,0,0,0,0,0,0,0,0,0,0,0,0,0
2014-10-29,8,0,0,0,0,0,0,0,13,0,97,80.14,0.0,0.0,12,12,10,0,0,0,0,0,0,0,0,0,0
2014-10-30,5,0,0,0,0,0,0,0,4,0,53,43.68,0.0,0.0,7,7,6,0,0,0,0,0,0,0,0,0,0
2014-10-31,6,0,0,0,0,0,0,0,11,0,112,91.96,0.0,0.0,0,0,0,0,0,0,0,0,0,0,0,0,0
2014-11-01,3,0,0,0,0,0,0,0,6,0,121,99.48,0.0,0.0,0,0,0,0,0,0,0,0,0,0,0,0,0
2014-11-02,8,0,0,0,0,0,0,0,10,0,76,62.34,0.0,0.0,0,0,0,0,0,0,0,0,0,0,0,0,0
2014-11-03,1,0,0,0,0,0,0,0,0,0,50,41.12,0.0,0.0,6,6,5,0,0,0,0,0,0,0,0,0,0
2014-11-04,5,0,0,0,0,0,0,0,10,0,121,99.4,0.0,0.0,0,0,0,0,0,0,0,0,0,0,0,0,0
2014-11-05,5,0,0,0,0,0,0,0,6,0,76,63.07000000000001,0.0,0.0,0,0,0,0,0,0,0,0,0,0,0,0,0
2014-11-06,6,0,0,1,0,0,0,0,6,0,66,54.66,0.0,0.0,15,15,12,0,0,0,0,0,0,0,0,0,0
2014-11-07,5,0,0,0,0,0,0,0,8,0,101,82.92,0.0,0.0,0,0,0,0,0,0,0,0,0,0,0,0,0
2014-11-08,2,0,0,0,0,0,0,0,2,0,61,50.13000000000001,0.0,0.0,0,0,0,0,0,0,0,0,0,0,0,0,0
2014-11-09,7,0,0,0,0,0,0,0,9,0,84,69.49,0.0,0.0,5,5,4,0,0,0,0,0,0,0,0,0,0
2014-11-10,1,0,0,0,0,0,0,0,2,0,121,99.34,0.0,0.0,0,0,0,0,0,0,0,0,0,0,0,0,0
2014-11-11,6,0,0,1,0,0,0,0,9,0,99,81.93,0.16670000000000001,0.0,6,6,5,1,0,0,0,0,0,0,0,0,0
2014-11-12,8,0,0,0,0,0,0,0,12,0,96,78.99,0.0,0.0,5,5,4,0,0,0,0,0,0,0,0,0,0
2014-11-13,10,0,0,1,0,0,0,0,11,0,68,56.269999999999996,0.0909,0.0,11,11,9,1,0,0,0,0,0,0,0,0,0
2014-11-14,6,0,0,0,0,0,0,0,4,0,44,36.62,0.0,0.0,0,0,0,0,0,0,0,0,0,0,0,0,0
2014-11-15,10,0,0,0,0,0,0,0,14,0,89,73.48,0.0,0.0,0,0,0,0,0,0,0,0,0,0,0,0,0
2014-11-16,6,0,0,0,0,0,0,0,5,0,57,47.54,0.0,0.0,0,0,0,0,0,0,0,0,0,0,0,0,0
2014-11-17,2,0,0,0,0,0,0,0,2,0,77,63.62,0.0,0.0,0,0,0,0,0,0,0,0,0,0,0,0,0
2014-11-18,6,0,0,0,0,0,0,0,7,0,75,62.01,0.0,0.0,0,0,0,0,0,0,0,0,0,0,0,0,0
2014-11-19,4,0,0,0,0,0,0,0,4,0,63,52.87,0.0,0.0,0,0,0,0,0,0,0,0,0,0,0,0,0
2014-11-20,2,0,0,0,0,0,0,0,3,0,98,82.02,0.0,0.0,0,0,0,0,0,0,0,0,0,0,0,0,0
2014-11-21,5,0,0,0,0,0,0,0,2,0,24,20.68,0.0,0.0,0,0,0,0,0,0,0,0,0,0,0,0,0
2014-11-22,5,0,0,0,0,0,0,0,7,0,87,73.06,0.0,0.0,12,12,8,0,0,0,0,0,0,0,0,0,0
2014-11-23,7,0,0,0,0,0,0,0,9,0,78,65.21,0.0,0.0,5,5,4,0,0,0,0,0,0,0,0,0,0
2014-11-24,3,0,0,0,0,0,0,0,4,0,83,69.24,0.0,0.0,0,0,0,0,0,0,0,0,0,0,0,0,0
2014-11-25,2,0,0,0,0,0,0,0,3,0,90,75.62,0.0,0.0,0,0,0,0,0,0,0,0,0,0,0,0,0
2014-11-26,3,0,0,0,0,0,0,0,2,0,56,47.32,0.0,0.0,0,0,0,0,0,0,0,0,0,0,0,0,0
2014-11-27,3,0,0,0,0,0,0,0,2,0,49,41.35,0.0,0.0,6,6,5,0,0,0,0,0,0,0,0,0,0
2014-11-28,6,0,0,0,0,0,0,0,6,0,69,57.87,0.0,0.0,5,5,4,0,0,0,0,0,0,0,0,0,0
2014-11-29,4,0,0,0,0,0,0,0,7,0,118,98.55,0.0,0.0,5,5,4,0,0,0,0,0,0,0,0,0,0
2014-11-30,6,0,0,0,0,0,0,0,6,0,68,57.4,0.0,0.0,5,5,4,0,0,0,0,0,0,0,0,0,0
2014-12-01,7,0,0,0,0,0,0,0,3,0,31,26.640000000000004,0.0,0.0,1,1,1,0,0,0,0,0,0,0,0,0,0
2014-12-02,5,0,0,0,0,0,0,0,6,0,79,65.94,0.0,0.0,6,6,5,0,0,0,0,0,0,0,0,0,0
2014-12-03,4,0,0,0,0,0,0,0,4,0,64,53.510000000000005,0.0,0.0,6,6,5,0,0,0,0,0,0,0,0,0,0
2014-12-04,6,0,0,0,0,0,0,0,3,0,39,32.78,0.25,0.0,4,4,3,1,0,0,0,0,0,0,0,0,0
2014-12-05,1,0,0,0,0,0,0,0,1,0,119,99.33,0.0,0.0,0,0,0,0,0,0,0,0,0,0,0,0,0
2014-12-06,2,0,0,0,0,0,0,0,3,0,90,75.16,0.0,0.0,5,5,3,0,0,0,0,0,0,0,0,0,0
2014-12-07,3,0,0,0,0,0,0,0,0,0,18,15.160000000000002,0.16670000000000001,0.0,6,6,5,1,0,0,0,0,0,0,0,0,0
2014-12-08,1,0,0,0,0,0,0,0,0,0,18,15.1,0.0,0.0,0,0,0,0,0,0,0,0,0,0,0,0,0
2014-12-09,4,0,0,0,0,0,0,0,4,0,66,55.66,0.0,0.0,6,6,5,0,0,0,0,0,0,0,0,0,0
2014-12-10,4,0,0,0,0,0,0,0,4,0,60,50.25999999999999,0.0,0.0,6,6,5,0,0,0,0,0,0,0,0,0,0
2014-12-11,9,0,0,0,0,1,1,0,5,0,35,29.18,0.0,0.0,10,10,8,0,0,0,0,0,0,0,0,0,0
2014-12-12,2,0,0,0,0,0,0,0,2,0,65,54.22,0.0,0.0,0,0,0,0,0,0,0,0,0,0,0,0,0
2014-12-13,5,0,0,1,0,0,0,1,3,0,40,33.67,0.0,0.0,5,5,4,0,0,0,0,0,0,0,0,0,0
2014-12-14,4,0,0,0,0,0,0,0,4,0,66,55.13,0.2,0.0,5,5,4,1,0,0,0,0,0,0,0,0,0
2014-12-15,9,0,0,0,0,0,0,0,5,0,33,27.98,0.0,0.0,6,6,5,0,0,0,0,0,0,0,0,0,0
2014-12-16,4,0,0,0,0,0,0,0,2,0,31,26.19,0.0,0.0,0,0,0,0,0,0,0,0,0,0,0,0,0
2014-12-17,3,0,0,0,0,0,0,0,2,0,51,42.58,0.0,0.0,0,0,0,0,0,0,0,0,0,0,0,0,0
2014-12-18,2,0,0,0,0,0,0,0,2,0,76,63.9,0.0,0.0,5,5,4,0,0,0,0,0,0,0,0,0,0
2014-12-19,3,0,0,0,0,0,0,0,4,0,87,72.98,0.0,0.0,6,6,5,0,0,0,0,0,0,0,0,0,0
2014-12-20,1,0,0,0,0,0,0,0,1,0,118,98.63,0.0,0.0,0,0,0,0,0,0,0,0,0,0,0,0,0
2014-12-21,2,0,0,0,0,0,0,0,1,0,56,46.84,0.0,0.0,1,1,1,0,0,0,0,0,0,0,0,0,0
2014-12-22,1,0,0,0,0,0,0,0,0,0,25,21.03,0.0,0.0,0,0,0,0,0,0,0,0,0,0,0,0,0
2014-12-24,5,0,0,0,0,0,0,0,2,0,34,28.83,0.0,0.0,0,0,0,0,0,0,0,0,0,0,0,0,0
2014-12-25,5,0,0,0,0,0,0,0,6,0,74,61.8,0.2,0.0,5,5,4,1,0,0,0,0,0,0,0,0,0
2014-12-26,1,0,0,0,0,0,0,0,0,0,25,20.9,0.0,0.0,0,0,0,0,0,0,0,0,0,0,0,0,0
2014-12-27,3,0,0,0,0,0,0,0,1,0,21,17.81,0.0,0.0,0,0,0,0,0,0,0,0,0,0,0,0,0
2014-12-28,1,0,0,0,0,0,0,0,1,0,116,96.78,0.0,0.0,5,5,4,0,0,0,0,0,0,0,0,0,0
2014-12-29,4,0,0,0,0,0,0,0,5,0,86,72.39,0.0,0.0,3,3,1,0,0,0,0,0,0,0,0,0,0
2014-12-30,3,0,0,0,0,0,0,0,3,0,69,58.050000000000004,0.0,0.0,0,0,0,0,0,0,0,0,0,0,0,0,0
2015-01-01,2,0,0,0,0,0,0,0,3,0,119,99.41,0.0,0.0,6,6,5,0,0,0,0,0,0,0,0,0,0
2015-01-02,5,0,0,0,0,0,0,0,2,0,32,27.26,0.0,0.0,5,5,4,0,0,0,0,0,0,0,0,0,0
2015-01-03,8,0,0,0,0,0,0,0,8,0,60,50.72,0.0,0.0,12,12,10,0,0,0,0,0,0,0,0,0,0
2015-01-04,3,0,0,0,0,0,0,0,1,0,22,18.4,0.0,0.0,0,0,0,0,0,0,0,0,0,0,0,0,0
2015-01-05,2,0,0,0,0,0,0,0,1,0,52,43.39,0.0,0.0,0,0,0,0,0,0,0,0,0,0,0,0,0
2015-01-06,3,0,0,0,0,0,0,0,4,0,82,68.81,0.0,0.0,5,5,4,0,0,0,0,0,0,0,0,0,0
2015-01-07,3,0,0,0,0,0,0,0,2,0,54,45.04,0.0,0.2,6,6,5,0,1,0,0,0,0,0,0,0,0
2015-01-08,7,0,0,0,0,0,0,0,7,0,63,53.18999999999999,0.0,0.0,16,16,13,0,0,0,0,0,0,0,0,0,0
2015-01-09,4,0,0,0,0,0,0,0,4,0,60,50.519999999999996,0.0,0.0,11,11,9,0,0,0,0,0,0,0,0,0,0
2015-01-10,3,0,0,0,0,0,0,0,4,0,80,66.76,0.0,0.0,6,6,5,0,0,0,0,0,0,0,0,0,0
2015-01-11,3,0,0,0,0,0,0,0,0,0,12,10.01,0.0,0.0,0,0,0,0,0,0,0,0,0,0,0,0,0
2015-01-12,3,0,0,0,0,0,0,0,4,0,84,70.33,0.0,0.0,5,5,4,0,0,0,0,0,0,0,0,0,0
2015-01-13,6,0,0,0,0,0,0,0,6,0,66,55.57,0.0,0.0,16,16,13,0,0,0,0,0,0,0,0,0,0
2015-01-14,3,0,0,0,0,0,0,0,2,0,49,41.06,0.0,0.0,5,5,4,0,0,0,0,0,0,0,0,0,0
2015-01-15,5,0,0,0,0,0,0,0,0,0,10,8.49,0.0,0.0,0,0,0,0,0,0,0,0,0,0,0,0,0
2015-01-16,4,0,0,0,0,0,0,0,3,0,45,37.83,0.0,0.0,0,0,0,0,0,0,0,0,0,0,0,0,0
2015-01-17,7,0,0,0,0,0,0,0,6,0,59,49.82,0.6667000000000001,0.0,3,3,3,2,0,0,0,0,0,0,0,0,0
2015-01-18,6,0,0,0,0,0,0,0,3,0,36,30.73,0.0,0.0,10,10,8,0,0,0,0,0,0,0,0,0,0
2015-01-19,8,0,0,0,0,0,0,0,6,0,51,42.63,0.0833,0.0,12,12,10,1,0,0,0,0,0,0,0,0,0
2015-01-20,5,0,0,0,0,0,0,0,4,0,58,48.82,0.0,0.0,0,0,0,0,0,0,0,0,0,0,0,0,0
2015-01-21,56,0,0,0,0,0,0,0,51,0,55,46.08,0.012199999999999999,0.0149,82,82,67,1,1,0,0,0,0,0,0,0,0
2015-01-22,46,0,0,0,0,0,0,0,40,0,53,44.43,0.0,0.0,49,49,40,0,0,0,0,0,0,0,0,0,0
2015-01-23,39,0,0,1,0,0,0,0,39,0,60,50.29,0.035699999999999996,0.0217,56,56,46,2,1,0,0,0,0,0,0,0,0
2015-01-24,36,0,0,0,0,0,0,0,42,0,70,59.02,0.0333,0.0,30,30,25,1,0,0,0,0,0,0,0,0,0
2015-01-25,32,0,0,0,0,0,0,0,26,0,50,41.9,0.0,0.0,41,41,34,0,0,0,0,0,0,0,0,0,0
2015-01-26,25,0,0,0,0,0,0,0,25,0,60,50.56,0.0,0.0,31,31,25,0,0,0,0,0,0,0,0,0,0
2015-01-27,7,0,0,0,0,0,0,0,5,0,43,36.31,0.0,0.0,6,6,5,0,0,0,0,0,0,0,0,0,0
2015-01-28,11,0,0,0,0,0,0,0,7,0,41,34.8,0.0,0.0,12,12,10,0,0,0,0,0,0,0,0,0,0
2015-01-29,12,0,0,0,0,0,0,0,13,0,67,56.230000000000004,0.0,0.047599999999999996,25,25,21,0,1,0,0,0,0,0,0,0,0
2015-01-30,16,0,0,0,0,0,0,0,11,0,41,34.4,0.0,0.0,11,11,9,0,0,0,0,0,0,0,0,0,0
2015-01-31,27,0,0,0,0,0,0,0,22,0,49,41.52,0.0,0.0,24,24,20,0,0,0,0,0,0,0,0,0,0
2015-02-01,10,0,0,0,0,0,0,0,9,0,59,49.31,0.0,0.0,0,0,0,0,0,0,0,0,0,0,0,0,0
2015-02-02,9,0,0,0,0,0,0,0,4,0,29,24.87,0.0,0.0,0,0,0,0,0,0,0,0,0,0,0,0,0
2015-02-03,21,0,0,0,0,0,0,0,14,0,40,33.94,0.0,0.0,12,12,10,0,0,0,0,0,0,0,0,0,0
2015-02-04,9,0,0,0,0,0,0,0,6,0,44,37.04,0.0,0.0,6,6,5,0,0,0,0,0,0,0,0,0,0
2015-02-05,21,0,0,0,0,0,0,0,13,0,39,32.94,0.0,0.0,17,17,14,0,0,0,0,0,0,0,0,0,0
2015-02-06,15,0,0,0,0,0,0,0,13,0,55,46.52,0.0,0.0,16,16,13,0,0,0,0,0,0,0,0,0,0
2015-02-07,10,0,0,0,0,0,0,0,7,0,44,37.37,0.0,0.0,1,1,1,0,0,0,0,0,0,0,0,0,0
2015-02-08,10,0,0,0,0,0,0,0,11,0,68,56.879999999999995,0.0,0.0,16,16,13,0,0,0,0,0,0,0,0,0,0
2015-02-09,6,0,0,0,0,0,0,0,3,0,35,29.84,0.0,0.0,5,5,4,0,0,0,0,0,0,0,0,0,0
2015-02-10,11,0,0,0,0,0,0,0,8,0,45,38.26,0.0,0.0,6,6,5,0,0,0,0,0,0,0,0,0,0
2015-02-11,3,0,0,1,0,0,0,0,5,0,106,89.11,0.0,0.0,0,0,0,0,0,0,0,0,0,0,0,0,0
2015-02-12,10,0,0,0,0,0,0,0,8,0,52,43.41,0.0,0.0,11,11,9,0,0,0,0,0,0,0,0,0,0
2015-02-13,15,0,0,0,0,0,0,0,12,0,48,40.45,0.22219999999999998,0.0,18,18,15,4,0,0,0,0,0,0,0,0,0
2015-02-14,13,0,0,0,0,0,0,0,13,0,64,53.400000000000006,0.0,0.0526,23,23,19,0,1,0,0,0,0,0,0,0,0
2015-02-15,14,0,0,1,0,0,0,0,12,0,54,45.76,0.0,0.2,6,6,5,0,1,0,0,0,0,0,0,0,0
2015-02-16,8,0,0,0,0,0,0,0,5,0,38,32.04,0.0,0.0,1,1,1,0,0,0,0,0,0,0,0,0,0
2015-02-17,11,0,0,1,0,0,0,0,14,0,77,64.18,0.0,0.0,24,24,20,0,0,0,0,0,0,0,0,0,0
2015-02-18,7,0,0,0,0,0,0,0,8,0,73,61.0,0.0,0.0,11,11,9,0,0,0,0,0,0,0,0,0,0
2015-02-19,10,0,0,0,0,1,0,0,5,0,33,27.99,0.0,0.0,0,0,0,0,0,0,0,0,0,0,0,0,0
2015-02-20,8,0,0,0,0,0,0,0,5,0,39,33.13,0.0,0.0,0,0,0,0,0,0,0,0,0,0,0,0,0
2015-02-21,5,0,0,0,0,0,0,0,5,0,64,54.120000000000005,0.0,0.0,11,11,9,0,0,0,0,0,0,0,0,0,0
2015-02-22,5,0,0,0,0,0,0,0,4,0,55,45.88,0.0,0.0,6,6,5,0,0,0,0,0,0,0,0,0,0
2015-02-23,18,0,0,0,0,0,0,0,12,0,41,34.69,0.0,0.2,6,6,5,0,1,0,0,0,0,0,0,0,0
2015-02-24,12,0,0,0,0,0,0,0,6,0,30,25.15,0.0,0.0,0,0,0,0,0,0,0,0,0,0,0,0,0
2015-02-25,6,0,0,0,0,0,0,0,6,0,64,53.99,0.0,0.0,2,2,2,0,0,0,0,0,0,0,0,0,0
2015-02-26,9,0,0,0,0,0,0,0,10,0,69,57.57,0.0526,0.0,19,19,16,1,0,0,0,0,0,0,0,0,0
2015-02-27,3,0,0,0,0,0,0,0,3,0,65,54.24,0.0,0.0,6,6,5,0,0,0,0,0,0,0,0,0,0
2015-02-28,6,0,0,0,0,0,0,0,3,0,33,27.51,0.0,0.0,0,0,0,0,0,0,0,0,0,0,0,0,0
2015-03-01,5,0,0,0,0,0,0,0,5,0,63,53.21,0.0,0.0,2,2,1,0,0,0,0,0,0,0,0,0,0
2015-03-03,7,0,0,0,0,0,0,0,6,0,56,47.3,0.0,0.0,5,5,4,0,0,0,0,0,0,0,0,0,0
2015-03-04,9,0,0,0,0,0,0,0,6,0,46,38.41,0.0,0.0,5,5,4,0,0,0,0,0,0,0,0,0,0
2015-03-05,7,0,0,0,0,0,0,0,2,0,21,17.91,0.0,0.0,0,0,0,0,0,0,0,0,0,0,0,0,0
2015-03-06,5,0,0,0,0,0,0,0,4,0,50,42.43,0.0,0.0,0,0,0,0,0,0,0,0,0,0,0,0,0
2015-03-07,7,0,0,0,0,0,0,0,4,0,41,34.26,0.0,0.0,5,5,3,0,0,0,0,0,0,0,0,0,0
2015-03-08,6,0,0,0,0,0,0,0,5,0,52,43.97,0.0909,0.0,11,11,9,1,0,0,0,0,0,0,0,0,0
2015-03-09,7,0,0,0,0,0,0,0,7,0,61,50.84000000000001,0.0,0.0,5,5,4,0,0,0,0,0,0,0,0,0,0
2015-03-10,8,0,0,0,0,0,0,0,8,0,63,52.55,0.0,0.0,18,18,15,0,0,0,0,0,0,0,0,0,0
2015-03-11,7,0,0,0,0,0,0,0,6,0,51,43.03,0.0,0.0,12,12,10,0,0,0,0,0,0,0,0,0,0
2015-03-12,7,0,0,0,0,0,0,0,5,0,47,39.25,0.0,0.0,6,6,5,0,0,0,0,0,0,0,0,0,0
2015-03-13,6,0,0,0,0,0,0,0,5,0,55,45.9,0.0,0.0,6,6,5,0,0,0,0,0,0,0,0,0,0
2015-03-14,7,0,0,0,0,0,0,0,6,0,52,43.75,0.0,0.0,5,5,4,0,0,0,0,0,0,0,0,0,0
2015-03-15,4,0,0,0,0,0,0,0,4,0,64,53.48,0.0,0.0,0,0,0,0,0,0,0,0,0,0,0,0,0
2015-03-16,5,0,0,0,0,0,0,0,3,0,46,39.01,0.0,0.0,5,5,4,0,0,0,0,0,0,0,0,0,0
2015-03-17,5,0,1,0,0,0,0,0,4,0,53,44.51,0.0,0.0,6,6,5,0,0,0,0,0,0,0,0,0,0
2015-03-18,4,0,0,0,0,0,0,0,3,0,49,41.05,0.0,0.0,0,0,0,0,0,0,0,0,0,0,0,0,0
2015-03-19,5,0,0,0,0,0,0,0,0,0,11,9.63,0.0,0.0,0,0,0,0,0,0,0,0,0,0,0,0,0
2015-03-20,4,0,0,0,0,0,0,0,3,0,49,41.01,0.0,0.0,6,6,5,0,0,0,0,0,0,0,0,0,0
2015-03-21,10,0,0,0,0,0,0,0,6,0,38,32.04,0.0,0.0,0,0,0,0,0,0,0,0,0,0,0,0,0
2015-03-22,5,0,0,1,0,0,0,0,2,0,33,27.73,0.0,0.0,6,6,5,0,0,0,0,0,0,0,0,0,0
2015-03-23,12,0,0,0,0,0,0,0,6,0,31,26.200000000000003,0.0,0.0,6,6,5,0,0,0,0,0,0,0,0,1,0
2015-03-24,39,0,0,0,0,0,0,0,27,0,42,35.18,0.0,0.0,31,31,26,0,0,0,0,0,0,0,0,0,0
2015-03-25,16,0,0,0,0,0,0,0,13,0,49,41.47,0.0833,0.0,12,12,10,1,0,0,0,0,0,0,0,0,0
2015-03-26,14,0,0,0,0,0,0,0,9,0,42,35.69,0.0,0.0,11,11,9,0,0,0,0,0,0,0,0,0,0
2015-03-27,15,0,1,0,0,0,0,0,9,0,38,31.900000000000002,0.0,0.0,1,1,1,0,0,0,0,0,0,0,0,0,0
2015-03-28,5,0,1,0,0,0,0,0,2,0,25,21.23,0.0,0.0,0,0,0,0,0,0,0,0,0,0,0,0,0
2015-03-29,6,0,0,0,0,0,0,0,9,0,99,83.27,0.0,0.0,13,13,11,0,0,0,0,0,0,0,0,0,0
2015-03-30,2,0,0,0,0,0,0,0,3,0,115,95.88,0.0,0.0,0,0,0,0,0,0,0,0,0,0,0,0,0
2015-03-31,2,0,0,0,0,0,0,0,0,0,20,16.74,0.0,0.0,0,0,0,0,0,0,0,0,0,0,0,0,0
2015-04-01,11,0,0,0,0,0,0,0,5,0,32,26.74,0.0,0.0,1,1,1,0,0,0,0,0,0,0,0,0,0
2015-04-02,7,0,0,0,0,0,0,0,6,0,57,47.62,0.0,0.0,6,6,5,0,0,0,0,0,0,0,0,0,0
2015-04-03,1,0,0,0,0,0,0,0,0,0,10,8.33,0.0,0.0,1,1,1,0,0,0,0,0,0,0,0,0,0
2015-04-04,4,0,0,0,0,0,0,0,1,0,19,15.9,0.0,0.0,0,0,0,0,0,0,0,0,0,0,0,0,0
2015-04-05,7,0,0,0,0,0,0,0,5,0,44,37.39,0.0588,0.0,17,17,14,1,0,0,0,0,0,0,0,0,0
2015-04-06,9,0,0,0,0,0,0,0,6,0,41,34.18,0.0,0.0,1,1,1,0,0,0,0,0,0,0,0,0,0
2015-04-07,3,0,0,1,0,0,0,0,2,0,53,44.9,0.0,0.0,6,6,5,0,0,0,0,0,0,0,0,0,0
2015-04-08,3,0,0,0,0,0,0,0,4,0,93,78.1,0.0,0.0,12,12,10,0,0,0,0,0,0,0,0,0,0
2015-04-09,12,0,0,0,0,0,0,0,10,0,52,43.46,0.0,0.0,7,7,6,0,0,0,0,0,0,0,0,0,0
2015-04-10,11,0,0,0,0,0,0,0,7,0,43,36.02,0.0,0.0,12,12,10,0,0,0,0,0,0,0,0,0,0
2015-04-11,13,0,0,0,0,0,0,0,9,0,42,35.3,0.0,0.1429,9,9,7,0,1,0,0,0,0,0,0,0,0
2015-04-12,7,0,0,0,0,0,0,0,4,0,35,29.770000000000003,0.0,0.0,6,6,5,0,0,0,0,0,0,0,0,0,0
2015-04-13,5,0,0,0,0,0,0,0,3,0,40,33.69,0.0,0.0,8,8,7,0,0,0,0,0,0,0,0,0,0
2015-04-14,3,0,0,0,0,0,0,0,1,0,23,19.57,0.0,0.0,0,0,0,0,0,0,0,0,0,0,0,0,0
2015-04-15,4,0,0,0,0,0,0,0,4,0,62,52.34000000000001,0.0,0.0,8,8,7,0,0,0,0,0,0,0,0,0,0
2015-04-16,8,0,0,0,0,0,0,0,6,0,50,41.88,0.0,0.0,6,6,5,0,0,0,0,0,0,0,0,0,0
2015-04-17,5,0,0,0,0,0,0,0,4,0,57,47.87,0.0,0.0,8,8,7,0,0,0,0,0,0,0,0,0,0
2015-04-18,5,0,0,0,0,0,0,0,4,0,55,45.84,0.0,0.11109999999999999,11,11,9,0,1,0,0,0,0,0,0,0,0
2015-04-19,11,0,0,0,0,0,0,0,8,0,44,36.75,0.0,0.0,14,14,12,0,0,0,0,0,0,0,0,0,0
2015-04-20,9,0,0,0,0,0,0,0,6,0,44,37.41,0.0,0.0,12,12,10,0,0,0,0,0,0,0,0,0,0
2015-04-21,8,0,0,0,0,0,0,0,6,0,52,43.53,0.0,0.0,17,17,14,0,0,0,0,0,0,0,0,0,0
2015-04-22,8,0,0,0,0,0,0,0,6,0,49,41.28,0.0,0.0,6,6,5,0,0,0,0,0,0,0,0,0,0
2015-04-23,5,0,0,0,0,0,0,0,1,0,12,10.56,0.0,0.0,0,0,0,0,0,0,0,0,0,0,0,0,0
2015-04-24,7,0,0,0,0,0,0,0,5,0,48,40.15,0.0,0.1,12,12,10,0,1,0,0,0,0,0,0,0,0
2015-04-25,49,0,0,1,0,0,0,0,33,0,41,34.3,0.0154,0.0189,65,65,53,1,1,0,0,0,0,0,0,1,0
2015-04-26,17,0,0,0,0,0,0,0,14,0,49,41.26,0.0,0.0,20,20,17,0,0,0,0,0,0,0,0,0,0
2015-04-27,16,0,0,0,0,0,0,0,9,0,36,30.5,0.0,0.0,18,18,15,0,0,0,0,0,0,0,0,0,0
2015-04-28,7,0,0,1,0,0,0,0,7,0,63,52.62,0.0,0.0,13,13,11,0,0,0,0,0,0,0,0,0,0
2015-04-29,5,0,0,0,0,0,0,0,3,0,44,37.08,0.0,0.0,6,6,5,0,0,0,0,0,0,0,0,0,0
2015-04-30,5,0,0,0,0,0,0,0,8,0,97,81.21,0.0,0.0,18,18,15,0,0,0,0,0,0,0,0,0,0
2015-05-01,5,0,0,0,0,0,0,0,7,0,93,77.87,0.0,0.0,13,13,11,0,0,0,0,0,0,0,0,0,0
2015-05-02,4,0,0,0,0,0,0,0,2,0,31,26.33,0.0,0.0,0,0,0,0,0,0,0,0,0,0,0,0,0
2015-05-03,8,0,0,0,0,0,0,0,5,0,40,33.44,0.0,0.0,11,11,9,0,0,0,0,0,0,0,0,0,0
2015-05-04,3,0,0,0,0,0,0,0,2,0,58,48.43,0.0,0.0,6,6,5,0,0,0,0,0,0,0,0,0,0
2015-05-05,4,0,0,0,0,0,0,0,1,0,21,17.73,0.0,0.0,0,0,0,0,0,0,0,0,0,0,0,0,0
2015-05-06,2,0,0,0,0,0,0,0,2,0,68,57.2,0.0,0.0,2,2,2,0,0,0,0,0,0,0,0,0,0
2015-05-07,7,0,0,0,0,0,0,0,6,0,52,43.56,0.0,0.2,6,6,5,0,1,0,0,0,0,0,0,0,0
2015-05-08,7,0,0,0,0,0,0,0,2,0,18,15.76,0.0,0.0,0,0,0,0,0,0,0,0,0,0,0,0,0
2015-05-09,8,0,1,1,0,0,0,0,7,0,59,49.59,0.0,0.0,16,16,12,0,0,0,0,0,0,0,0,0,0
2015-05-10,6,0,0,0,0,0,0,0,2,0,23,19.29,0.0,0.0,0,0,0,0,0,0,0,0,0,0,0,0,0
2015-05-11,3,0,1,1,0,0,0,0,2,0,59,49.81,0.0,0.0,6,6,5,0,0,0,0,0,0,0,0,0,0
2015-05-12,9,0,0,0,0,0,0,0,7,0,47,39.74,0.0,0.0,15,15,12,0,0,0,0,0,0,0,0,0,0
2015-05-13,5,0,0,0,0,0,0,0,2,0,28,23.91,0.0,0.0,0,0,0,0,0,0,0,0,0,0,0,0,0
2015-05-14,5,0,0,0,0,0,0,0,6,0,72,60.78,0.0,0.0,13,13,11,0,0,0,0,0,0,0,0,0,0
2015-05-15,11,0,0,0,0,0,0,0,6,0,34,28.6,0.0,0.0,5,5,4,0,0,0,0,0,0,0,0,0,0
2015-05-16,6,0,0,1,0,0,0,0,3,0,38,31.85,0.0,0.0,0,0,0,0,0,0,0,0,0,0,0,0,0
2015-05-17,10,0,0,0,0,0,0,0,3,0,23,19.47,0.0,0.0,0,0,0,0,0,0,0,0,0,0,0,0,0
2015-05-18,4,0,0,0,0,0,0,0,2,0,35,29.94,0.0,0.0,0,0,0,0,0,0,0,0,0,0,0,0,0
2015-05-19,7,0,0,0,0,0,0,0,5,0,45,37.91,0.0,0.0,6,6,5,0,0,0,0,0,0,0,0,0,0
2015-05-20,6,0,0,0,0,0,0,0,7,0,73,61.15999999999999,0.0,0.0,22,22,18,0,0,0,0,0,0,0,0,0,0
2015-05-21,7,0,0,0,0,0,0,0,4,0,36,30.09,0.0,0.0,0,0,0,0,0,0,0,0,0,0,0,0,0
2015-05-22,5,0,0,0,0,0,0,0,3,0,47,39.57,0.0,0.0,6,6,5,0,0,0,0,0,0,0,0,0,0
2015-05-23,2,0,0,0,0,0,0,0,2,0,67,56.47,0.0,0.0,0,0,0,0,0,0,0,0,0,0,0,0,0
2015-05-24,7,0,0,0,0,0,0,0,6,0,52,44.09,0.0,0.0,7,7,6,0,0,0,0,0,0,0,0,0,0
2015-05-25,11,0,0,0,0,0,0,0,7,0,40,33.84,0.0,0.0,12,12,10,0,0,0,0,0,0,0,0,0,0
2015-05-26,10,0,0,0,0,0,0,0,7,0,42,35.77,0.0,0.0,3,3,3,0,0,0,0,0,0,0,0,0,0
2015-05-27,7,0,0,0,0,0,0,0,5,0,50,41.78,0.0,0.0,12,12,10,0,0,0,0,0,0,0,0,0,0
2015-05-28,14,0,0,0,0,0,0,0,9,0,40,33.34,0.0,0.0,11,11,9,0,0,0,0,0,0,0,0,0,0
2015-05-29,8,0,0,0,0,0,0,0,6,0,47,39.86,0.0,0.0,4,4,4,0,0,0,0,0,0,0,0,0,0
2015-05-30,5,0,0,1,0,0,0,0,4,0,55,45.95,0.0,0.0,6,6,5,0,0,0,0,0,0,0,0,0,0
2015-05-31,7,0,0,0,0,0,0,0,5,0,46,38.55,0.16670000000000001,0.0,6,6,5,1,0,0,0,0,0,0,0,0,0
2015-06-01,7,0,0,0,0,0,0,0,3,0,32,27.500000000000004,0.0,0.0,0,0,0,0,0,0,0,0,0,0,0,0,0
2015-06-02,3,0,0,0,0,0,0,0,1,0,21,18.25,0.0,0.0,0,0,0,0,0,0,0,0,0,0,0,0,0
2015-06-03,5,0,0,0,0,0,0,0,2,0,33,27.839999999999996,0.0,0.0,0,0,0,0,0,0,0,0,0,0,0,0,0
2015-06-04,13,0,0,0,0,0,0,0,15,0,71,59.84,0.0313,0.037000000000000005,32,32,27,1,1,0,0,0,0,0,0,0,0
2015-06-06,6,0,0,0,0,0,0,0,3,0,38,32.25,0.0,0.0,2,2,2,0,0,0,0,0,0,0,0,0,0
2015-06-07,1,0,0,0,0,0,0,0,0,0,8,6.7299999999999995,0.0,0.0,0,0,0,0,0,0,0,0,0,0,0,0,0
2015-06-08,9,0,0,0,0,0,0,0,6,0,46,38.38,0.0,0.0,6,6,5,0,0,0,0,0,0,0,0,0,0
2015-06-09,9,0,0,0,0,0,0,0,5,0,33,28.26,0.0,0.0,6,6,5,0,0,0,0,0,0,0,0,0,0
2015-06-10,5,0,0,0,0,0,0,0,1,0,14,12.16,0.0,0.0,0,0,0,0,0,0,0,0,0,0,0,0,0
2015-06-11,9,0,0,0,0,0,0,0,4,0,27,22.65,0.0,0.0,6,6,5,0,0,0,0,0,0,0,0,0,0
2015-06-12,7,0,0,1,0,0,0,0,10,0,88,73.77,0.0,0.0,17,17,14,0,0,0,0,0,0,0,0,0,0
2015-06-13,29,0,0,0,0,0,0,0,16,0,35,29.24,0.0,0.0,21,21,18,0,0,0,0,0,0,0,0,0,0
2015-06-14,19,0,0,0,0,0,0,0,16,0,51,42.92,0.0,0.0417,30,30,24,0,1,0,0,0,0,0,0,0,0
2015-06-15,10,0,0,0,0,0,0,0,6,0,37,31.31,0.0,0.11109999999999999,11,11,9,0,1,0,0,0,0,0,0,0,0
2015-06-16,4,0,0,0,0,0,0,0,2,0,43,36.36,0.0,0.1429,8,8,7,0,1,0,0,0,0,0,0,0,0
2015-06-17,7,0,0,0,0,0,0,0,4,0,37,31.22,0.0,0.0,0,0,0,0,0,0,0,0,0,0,0,0,0
2015-06-18,6,0,0,0,0,0,0,0,4,0,44,36.93,0.0,0.0,0,0,0,0,0,0,0,0,0,0,0,0,0
2015-06-19,9,0,0,0,0,0,0,0,3,0,22,18.37,0.0,0.0,0,0,0,0,0,0,0,0,0,0,0,0,0
2015-06-20,14,0,0,0,0,0,0,0,8,0,36,30.599999999999998,0.11109999999999999,0.1333,18,18,15,2,2,0,0,0,0,0,0,0,0
2015-06-21,4,0,0,0,0,0,0,0,2,0,41,34.63,0.0,0.0,6,6,5,0,0,0,0,0,0,0,0,0,0
2015-06-22,13,0,0,0,0,0,0,0,7,0,33,27.639999999999997,0.0,0.0,6,6,4,0,0,0,0,0,0,0,0,0,0
2015-06-23,10,0,0,0,0,0,0,0,12,0,75,63.0,0.0,0.0,28,28,24,0,0,0,0,0,0,0,0,0,0
2015-06-24,11,0,0,0,0,0,0,0,9,0,52,43.41,0.0,0.0,14,14,12,0,0,0,0,0,0,0,0,0,0
2015-06-25,4,0,0,0,0,0,0,0,0,0,14,11.75,0.0,0.0,0,0,0,0,0,0,0,0,0,0,0,0,0
2015-06-26,6,0,0,0,0,0,0,0,4,0,44,36.87,0.1429,0.0,7,7,6,1,0,0,0,0,0,0,0,0,0
2015-06-27,8,0,0,0,0,0,0,0,6,0,46,38.86,0.0,0.0,5,5,4,0,0,0,0,0,0,0,0,0,0
2015-06-28,13,0,0,0,0,0,0,0,8,0,41,34.45,0.0,0.0,11,11,9,0,0,0,0,0,0,0,0,0,0
2015-06-29,5,0,0,0,0,0,0,0,2,0,26,21.8,0.0,0.0,0,0,0,0,0,0,0,0,0,0,0,0,0
2015-06-30,10,0,0,0,0,0,0,0,11,0,66,55.059999999999995,0.0,0.0,13,13,11,0,0,0,0,0,0,0,0,0,0
2015-07-01,2,0,0,0,0,0,0,0,0,0,22,18.63,0.0,0.0,0,0,0,0,0,0,0,0,0,0,0,0,0
2015-07-02,5,0,0,0,0,0,0,0,4,0,57,47.72,0.16670000000000001,0.0,6,6,5,1,0,0,0,0,0,0,0,0,0
2015-07-03,12,0,0,0,0,0,0,0,7,0,35,29.87,0.0,0.0,0,0,0,0,0,0,0,0,0,0,0,0,0
2015-07-04,14,0,0,0,0,0,0,0,9,0,39,32.51,0.0,0.0,7,7,6,0,0,0,0,0,0,0,0,0,0
2015-07-05,7,0,0,0,0,0,0,0,6,0,52,43.36,0.0,0.0,12,12,10,0,0,0,0,0,0,0,0,0,0
2015-07-06,8,0,0,0,0,0,0,0,7,0,55,46.26,0.0,0.0,8,8,7,0,0,0,0,0,0,0,0,0,0
2015-07-07,9,0,0,0,0,0,0,0,5,0,35,29.93,0.0,0.0,6,6,5,0,0,0,0,0,0,0,0,0,0
2015-07-08,11,0,0,0,0,0,0,0,3,0,19,15.86,0.0,0.0,0,0,0,0,0,0,0,0,0,0,0,0,0
2015-07-09,18,0,0,0,0,0,0,0,16,0,54,45.44,0.0435,0.0526,23,23,19,1,1,0,0,0,0,0,0,0,0
2015-07-10,26,0,0,0,0,0,0,0,11,0,26,22.24,0.0,0.5,2,2,2,0,1,0,0,0,0,0,0,0,0
2015-07-11,21,0,0,0,0,0,0,0,14,0,40,33.71,0.0,0.0,15,15,13,0,0,0,0,0,0,0,0,0,0
2015-07-12,22,0,0,0,0,0,0,0,14,0,38,32.11,0.07139999999999999,0.0,14,14,12,1,0,0,0,0,0,0,0,0,0
2015-07-13,33,0,0,1,0,0,0,0,23,0,42,35.32,0.0,0.0,31,31,26,0,0,0,0,0,0,0,0,0,0
2015-07-14,19,0,0,0,0,0,0,0,13,0,44,36.72,0.0,0.0,12,12,10,0,0,0,0,0,0,0,0,0,0
2015-07-15,20,0,0,0,0,0,0,0,12,0,38,32.2,0.0,0.0,25,25,20,0,0,0,0,0,0,0,0,0,0
2015-07-16,16,0,0,0,0,0,0,0,15,0,57,47.65,0.0,0.0,24,24,20,0,0,0,0,0,0,0,0,0,0
2015-07-17,15,0,0,0,0,0,0,0,7,0,28,23.82,0.0,0.0,6,6,5,0,0,0,0,0,0,0,0,0,0
2015-07-18,17,0,0,0,0,0,0,0,15,0,55,45.89,0.0,0.0,30,30,24,0,0,0,0,0,0,0,0,0,0
2015-07-19,13,0,0,1,0,0,0,0,9,0,43,36.5,0.0,0.1,12,12,10,0,1,0,0,0,0,0,0,0,0
2015-07-20,16,0,0,0,0,0,0,0,13,0,51,43.04,0.0,0.0,17,17,14,0,0,0,0,0,0,0,0,0,0
2015-07-21,12,0,0,0,0,0,0,0,5,0,29,24.72,0.0,0.0,0,0,0,0,0,0,0,0,0,0,0,0,0
2015-07-22,8,0,0,0,0,0,0,0,4,0,35,29.799999999999997,0.0,0.5,2,2,2,0,1,0,0,0,0,0,0,0,0
2015-07-23,7,0,0,0,0,0,0,0,2,0,18,15.659999999999998,0.0,0.0,0,0,0,0,0,0,0,0,0,0,0,0,0
2015-07-24,18,0,0,0,0,0,0,0,11,0,39,32.83,0.0,0.0,11,11,9,0,0,0,0,0,0,0,0,0,0
2015-07-25,14,0,0,0,0,0,0,0,8,0,35,29.74,0.0,0.0,14,14,11,0,0,0,0,0,0,0,0,0,0
2015-07-26,10,0,0,0,0,0,0,0,11,0,69,57.940000000000005,0.0,0.0909,26,26,22,0,2,0,0,0,0,0,0,0,0
2015-07-27,15,0,0,0,0,0,0,0,9,0,37,31.230000000000004,0.0,0.0,8,8,7,0,0,0,0,0,0,0,0,0,0
2015-07-28,8,0,0,0,0,0,0,0,5,0,43,35.87,0.0,0.0,6,6,5,0,0,0,0,0,0,0,0,0,0
2015-07-29,6,0,0,0,0,0,0,0,2,0,20,17.02,0.0,0.0,0,0,0,0,0,0,0,0,0,0,0,0,0
2015-07-30,8,0,0,0,0,0,0,0,8,0,64,53.959999999999994,0.0,0.0,14,14,12,0,0,0,0,0,0,0,0,0,0
2015-07-31,10,0,0,0,0,0,0,0,3,0,23,19.73,0.0,0.0,0,0,0,0,0,0,0,0,0,0,0,0,0
2015-08-01,10,0,0,0,0,0,0,0,8,0,49,41.03,0.0,0.0,1,1,0,0,0,0,0,0,0,0,0,0,0
2015-08-02,8,0,0,0,0,0,0,0,5,0,38,31.790000000000003,0.2,0.0,5,5,4,1,0,0,0,0,0,0,0,0,0
2015-08-03,6,0,0,0,0,0,0,0,2,0,21,17.91,0.0,0.0,0,0,0,0,0,0,0,0,0,0,0,0,0
2015-08-04,1,0,0,0,0,0,0,0,0,0,46,39.13,0.0,0.0,0,0,0,0,0,0,0,0,0,0,0,0,0
2015-08-05,12,0,0,0,0,0,0,0,7,0,35,29.2,0.0,0.0,0,0,0,0,0,0,0,0,0,0,0,0,0
2015-08-06,9,0,0,0,0,0,0,0,6,0,43,36.09,0.0,0.0,8,8,7,0,0,0,0,0,0,0,0,0,0
2015-08-07,3,0,0,0,0,0,0,0,1,0,35,29.49,0.0,0.0,3,3,2,0,0,0,0,0,0,0,0,0,0
2015-08-08,17,0,0,0,0,0,0,0,17,0,62,51.73,0.0,0.05,24,24,20,0,1,0,0,0,0,0,0,0,0
2015-08-09,15,0,0,0,0,1,0,0,10,0,41,34.61,0.0,0.0,7,7,6,0,0,0,0,0,0,0,0,0,0
2015-08-10,8,0,0,0,0,0,0,0,6,0,47,39.34,0.0,0.0,8,8,7,0,0,0,0,0,0,0,0,0,0
2015-08-11,3,0,0,0,0,0,0,0,2,0,42,35.52,0.0,0.0,0,0,0,0,0,0,0,0,0,0,0,0,0
2015-08-12,5,0,0,0,0,0,0,0,3,0,39,33.05,0.0,0.0,6,6,5,0,0,0,0,0,0,0,0,0,0
2015-08-13,2,0,0,0,0,0,0,0,2,0,63,52.87,0.0,0.0,5,5,4,0,0,0,0,0,0,0,0,0,0
2015-08-14,10,0,0,0,0,0,0,0,6,0,38,32.33,0.0,0.0,2,2,2,0,0,0,0,0,0,0,0,0,0
2015-08-15,11,0,0,0,0,0,0,0,9,0,53,44.27,0.0,0.0,18,18,15,0,0,0,0,0,0,0,0,0,0
2015-08-16,8,0,0,0,0,0,0,0,4,0,35,29.84,0.0,0.0,0,0,0,0,0,0,0,0,0,0,0,0,0
2015-08-17,10,0,0,0,0,0,0,0,7,0,47,39.35,0.0,0.0,18,18,15,0,0,0,0,0,0,0,0,0,0
2015-08-18,9,0,0,0,0,0,0,0,5,0,38,32.32,0.0,0.0,0,0,0,0,0,0,0,0,0,0,0,0,0
2015-08-19,3,0,0,0,0,0,0,0,0,0,16,13.530000000000001,0.0,0.0,0,0,0,0,0,0,0,0,0,0,0,0,0
2015-08-20,7,0,0,0,0,0,0,0,5,0,44,36.93,0.11109999999999999,0.0,18,18,15,2,0,0,0,0,0,0,0,0,0
2015-08-21,4,0,0,0,0,0,0,0,2,0,40,34.12,0.0,0.0,5,5,4,0,0,0,0,0,0,0,0,0,0
2015-08-22,10,0,0,0,0,0,0,0,7,0,42,35.47,0.0,0.0,12,12,10,0,0,0,0,0,0,0,0,0,0
2015-08-23,8,0,0,0,0,0,0,0,5,0,44,36.92,0.0,0.1,12,12,10,0,1,0,0,0,0,0,0,0,0
2015-08-24,8,0,0,0,0,0,0,0,6,0,51,43.0,0.0,0.1,12,12,10,0,1,0,0,0,0,0,0,0,0
2015-08-25,9,0,0,0,0,0,0,0,4,0,31,26.280000000000005,0.0,0.0,5,5,4,0,0,0,0,0,0,0,0,0,0
2015-08-26,8,0,0,0,0,0,0,0,7,0,53,44.32,0.0,0.0,12,12,10,0,0,0,0,0,0,0,0,0,0
2015-08-27,9,0,0,0,0,0,0,0,3,0,25,21.21,0.0,0.0,2,2,2,0,0,0,0,0,0,0,0,0,0
2015-08-28,4,0,0,0,0,0,0,0,1,0,22,18.99,0.0,0.0,0,0,0,0,0,0,0,0,0,0,0,0,0
2015-08-29,3,0,0,0,0,0,0,0,0,0,12,10.65,0.0,0.0,0,0,0,0,0,0,0,0,0,0,0,0,0
2015-08-30,8,0,0,0,0,0,0,0,7,0,54,45.8,0.0,0.0,5,5,4,0,0,0,0,0,0,0,0,0,0
2015-08-31,8,0,0,0,0,0,0,0,4,0,30,25.15,0.0,0.2,6,6,5,0,1,0,0,0,0,0,0,0,0
2015-09-01,4,0,0,0,0,0,0,0,3,0,56,47.27,0.0,0.0,6,6,5,0,0,0,0,0,0,0,0,0,0
2015-09-02,5,0,0,0,0,0,0,0,9,0,115,95.92,0.0,0.0,13,13,11,0,0,0,0,0,0,0,0,1,0
2015-09-03,5,0,0,0,0,0,0,0,8,0,96,80.6,0.0,0.0,16,16,13,0,0,0,0,0,0,0,0,0,0
2015-09-04,5,0,0,0,0,0,0,0,5,0,70,58.36,0.0,0.0,6,6,5,0,0,0,0,0,0,0,0,0,0
2015-09-05,3,0,0,0,0,0,0,0,1,0,27,22.6,0.0,0.0,0,0,0,0,0,0,0,0,0,0,0,0,0
2015-09-06,3,0,0,0,0,0,0,0,1,0,25,21.59,0.0,0.0,0,0,0,0,0,0,0,0,0,0,0,0,0
2015-09-07,2,0,0,0,0,0,0,0,1,0,51,42.92,0.0,0.0,0,0,0,0,0,0,0,0,0,0,0,0,0
2015-09-08,6,0,0,0,0,0,0,0,2,0,25,21.12,0.0,0.0,0,0,0,0,0,0,0,0,0,0,0,0,0
2015-09-09,7,0,0,0,0,0,0,0,5,0,47,39.86,0.0,0.0,6,6,4,0,0,0,0,0,0,0,0,0,0
2015-09-10,11,0,0,0,0,0,0,0,8,0,44,37.33,0.0,0.125,10,10,8,0,1,0,0,0,0,0,0,0,0
2015-09-11,6,0,0,0,0,0,0,0,1,0,18,15.560000000000002,0.0,0.0,0,0,0,0,0,0,0,0,0,0,0,0,0
2015-09-12,9,0,0,0,0,0,0,0,2,0,16,13.449999999999998,0.0,0.0,0,0,0,0,0,0,0,0,0,0,0,0,0
2015-09-13,9,0,0,0,0,0,0,0,4,0,32,27.24,0.0,0.0,5,5,4,0,0,0,0,0,0,0,0,0,0
2015-09-14,10,0,0,0,0,0,0,0,10,0,63,52.82,0.0,0.0588,20,20,17,0,1,0,0,0,0,0,0,0,0
2015-09-15,14,0,0,0,0,0,0,0,5,0,22,18.55,0.0,0.0,6,6,5,0,0,0,0,0,0,0,0,0,0
2015-09-16,9,0,0,0,0,0,0,0,4,0,31,26.669999999999998,0.0,0.0,6,6,5,0,0,0,0,0,0,0,0,0,0
2015-09-17,5,0,1,1,0,0,0,0,3,0,37,31.480000000000004,0.0,0.0,0,0,0,0,0,0,0,0,0,0,0,0,0
2015-09-18,12,0,0,0,0,0,0,0,5,0,29,24.81,0.0,0.0,0,0,0,0,0,0,0,0,0,0,0,0,0
2015-09-19,3,0,0,0,0,0,0,0,2,0,40,33.35,0.0,0.0,0,0,0,0,0,0,0,0,0,0,0,0,0
2015-09-20,4,0,0,0,0,0,0,0,4,0,66,55.1,0.0,0.1,12,12,10,0,1,0,0,0,0,0,0,0,0
2015-09-21,7,0,0,0,0,0,0,0,2,0,22,18.4,0.0,0.0,0,0,0,0,0,0,0,0,0,0,0,0,0
2015-09-22,7,0,0,0,0,0,0,0,2,0,18,15.740000000000002,0.0,0.0,0,0,0,0,0,0,0,0,0,0,0,0,0
2015-09-23,5,0,0,0,0,0,0,0,3,0,37,30.959999999999997,0.0,0.0,3,3,2,0,0,0,0,0,0,0,0,0,0
2015-09-24,2,0,0,0,0,0,0,0,0,0,26,21.71,0.0,0.0,0,0,0,0,0,0,0,0,0,0,0,0,0
2015-09-25,7,0,0,0,0,0,0,0,6,0,59,49.43,0.0,0.0,11,11,9,0,0,0,0,0,0,0,0,0,0
2015-09-26,3,0,0,0,0,0,0,0,1,0,22,18.99,0.0,0.0,0,0,0,0,0,0,0,0,0,0,0,0,0
2015-09-27,10,0,0,0,0,0,0,0,5,0,33,27.839999999999996,0.0,0.0,2,2,2,0,0,0,0,0,0,0,0,0,0
2015-09-28,4,0,0,0,0,0,0,0,3,0,52,44.04,0.0,0.0,6,6,5,0,0,0,0,0,0,0,0,0,0
2015-09-29,15,0,0,0,0,0,0,0,8,0,35,29.5,0.0,0.0,7,7,6,0,0,0,0,0,0,0,0,0,0
2015-09-30,10,0,0,0,0,0,0,0,5,0,30,25.39,0.0,0.0,0,0,0,0,0,0,0,0,0,0,0,0,0
2015-10-01,5,0,0,0,0,0,0,0,4,0,52,43.61,0.1429,0.0,7,7,6,1,0,0,0,0,0,0,0,0,0
2015-10-02,5,0,0,0,0,0,0,0,7,0,95,79.83,0.0,0.0,17,17,14,0,0,0,0,0,0,0,0,0,0
2015-10-03,8,0,0,0,0,0,0,0,4,0,35,29.78,0.0,0.0,6,6,5,0,0,0,0,0,0,0,0,0,0
2015-10-04,13,0,0,0,0,0,0,0,8,0,38,32.02,0.0,0.1,12,12,10,0,1,0,0,0,0,0,0,0,0
2015-10-05,10,0,0,0,0,0,0,0,5,0,33,27.690000000000005,0.0,0.0,6,6,5,0,0,0,0,0,0,0,0,0,0
2015-10-06,8,0,0,0,0,0,0,0,3,0,29,24.74,0.0,0.0,5,5,4,0,0,0,0,0,0,0,0,0,0
2015-10-07,20,0,0,0,0,0,0,0,15,0,45,37.51,0.0,0.0,18,18,15,0,0,0,0,0,0,0,0,0,0
2015-10-08,7,0,0,0,0,0,0,0,7,0,64,53.59,0.0,0.0,6,6,5,0,0,0,0,0,0,0,0,0,0
2015-10-09,7,0,0,0,0,0,0,0,6,0,55,45.97,0.0,0.0,6,6,5,0,0,0,0,0,0,0,0,0,0
2015-10-10,8,0,0,0,0,0,0,0,5,0,43,36.5,0.0,0.0,5,5,4,0,0,0,0,0,0,0,0,0,0
2015-10-11,11,0,0,0,0,0,0,0,5,0,27,23.21,0.0,0.0,0,0,0,0,0,0,0,0,0,0,0,0,0
2015-10-12,7,0,0,0,0,0,0,0,3,0,26,21.92,0.0,0.0,0,0,0,0,0,0,0,0,0,0,0,0,0
2015-10-13,5,0,0,0,0,0,0,0,2,0,25,21.24,0.0,0.0,0,0,0,0,0,0,0,0,0,0,0,0,0
2015-10-14,5,0,0,0,0,0,0,0,1,0,18,15.45,0.0,0.0,0,0,0,0,0,0,0,0,0,0,0,0,0
2015-10-15,10,0,0,0,0,0,0,0,5,0,33,28.18,0.0,0.0,4,4,4,0,0,0,0,0,0,0,0,0,0
2015-10-16,4,0,0,0,0,0,0,0,0,0,10,9.02,0.0,0.0,0,0,0,0,0,0,0,0,0,0,0,0,0
2015-10-17,7,0,0,0,0,0,0,0,6,0,56,46.99,0.0,0.0,18,18,14,0,0,0,0,0,0,0,0,0,0
2015-10-18,11,0,0,0,0,0,0,0,5,0,28,23.76,0.0,0.0,6,6,5,0,0,0,0,0,0,0,0,0,0
2015-10-19,8,0,0,0,0,0,0,0,4,0,36,30.659999999999997,0.0,0.2,6,6,5,0,1,0,0,0,0,0,0,0,0
2015-10-20,7,0,0,0,0,0,0,0,4,0,40,34.07,0.0,0.0,6,6,5,0,0,0,0,0,0,0,0,0,0
2015-10-21,10,0,0,0,0,0,0,0,7,0,43,36.32,0.0,0.0,12,12,10,0,0,0,0,0,0,0,0,0,0
2015-10-22,8,0,0,0,0,0,0,0,3,0,26,21.82,0.0,0.0,0,0,0,0,0,0,0,0,0,0,0,0,0
2015-10-23,11,0,0,0,0,0,0,0,10,0,55,46.38,0.0,0.0,11,11,9,0,0,0,0,0,0,0,0,0,0
2015-10-24,15,0,0,0,0,0,0,0,8,0,35,29.710000000000004,0.0,0.0,2,2,2,0,0,0,0,0,0,0,0,0,0
2015-10-25,9,0,0,0,0,0,0,0,3,0,22,19.01,0.0,0.0,3,3,2,0,0,0,0,0,0,0,0,0,0
2015-10-26,5,0,0,0,0,0,0,0,4,0,54,45.06,0.0,0.0,6,6,5,0,0,0,0,0,0,0,0,0,0
2015-10-27,5,0,0,0,0,0,0,0,5,0,60,50.18,0.0,0.11109999999999999,11,11,9,0,1,0,0,0,0,0,0,0,0
2015-10-28,6,0,0,0,0,0,0,0,1,0,16,13.88,0.0,0.0,0,0,0,0,0,0,0,0,0,0,0,0,0
2015-10-29,8,0,0,0,0,0,0,0,5,0,43,36.24,0.0,0.0,0,0,0,0,0,0,0,0,0,0,0,0,0
2015-10-30,2,0,0,0,0,0,0,0,2,0,82,68.44,0.0,0.0,6,6,5,0,0,0,0,0,0,0,0,0,0
2015-10-31,7,0,0,0,0,0,0,0,9,0,79,66.27,0.0,0.0,28,28,23,0,0,0,0,0,0,0,0,0,0
2015-11-01,14,0,0,0,0,0,0,0,7,0,34,28.449999999999996,0.0,0.0,6,6,5,0,0,0,0,0,0,0,0,0,0
2015-11-02,7,0,0,0,0,0,0,0,6,0,53,44.31,0.0,0.0,0,0,0,0,0,0,0,0,0,0,0,0,0
2015-11-03,3,0,0,0,0,0,0,0,1,0,32,27.140000000000004,0.0,0.0,0,0,0,0,0,0,0,0,0,0,0,0,0
2015-11-04,10,0,0,0,0,0,0,0,6,0,38,31.759999999999998,0.0,0.0,7,7,5,0,0,0,0,0,0,0,0,0,0
2015-11-05,9,0,0,0,0,0,0,0,3,0,23,19.79,0.0,0.0,0,0,0,0,0,0,0,0,0,0,0,0,0
2015-11-06,2,0,0,0,0,0,0,0,1,0,38,32.28,0.0,0.0,0,0,0,0,0,0,0,0,0,0,0,0,0
2015-11-07,7,0,0,0,0,0,0,0,7,0,62,52.37,0.0,0.11109999999999999,11,11,9,0,1,0,0,0,0,0,0,0,0
2015-11-08,10,0,0,0,0,0,0,0,6,0,40,33.36,0.0,0.0,2,2,2,0,0,0,0,0,0,0,0,0,0
2015-11-09,7,0,0,0,0,0,0,0,9,0,84,70.53,0.0,0.0,7,7,6,0,0,0,0,0,0,0,0,0,0
2015-11-10,8,0,0,0,0,0,0,0,5,0,38,32.25,0.0,0.0,11,11,9,0,0,0,0,0,0,0,0,0,0
2015-11-11,4,0,0,0,0,0,0,0,2,0,42,35.82,0.0,0.0,5,5,4,0,0,0,0,0,0,0,0,0,0
2015-11-12,4,0,0,0,0,0,0,0,5,0,81,68.13,0.0,0.0,12,12,9,0,0,0,0,0,0,0,0,0,0
2015-11-13,5,0,0,0,0,0,0,0,3,0,41,34.72,0.0,0.0,5,5,4,0,0,0,0,0,0,0,0,0,0
2015-11-14,11,0,0,0,0,0,0,0,6,0,34,29.14,0.0,0.0,6,6,5,0,0,0,0,0,0,0,0,0,0
2015-11-15,5,0,0,0,0,0,0,0,1,0,16,13.930000000000001,0.0,0.0,0,0,0,0,0,0,0,0,0,0,0,0,0
2015-11-16,9,0,0,0,0,0,0,0,4,0,33,27.62,0.0,0.0,7,7,6,0,0,0,0,0,0,0,0,0,0
2015-11-17,7,0,0,0,0,0,0,0,6,0,55,46.61,0.0,0.0,11,11,9,0,0,0,0,0,0,0,0,0,0
2015-11-19,3,0,0,0,0,0,0,0,1,0,25,21.58,0.0,0.0,0,0,0,0,0,0,0,0,0,0,0,0,0
2015-11-20,8,0,0,0,0,0,0,0,4,0,30,25.41,0.0,0.1429,8,8,7,0,1,0,0,0,0,0,0,0,0
2015-11-21,5,0,0,0,0,0,0,0,1,0,18,15.289999999999997,0.0,0.0,0,0,0,0,0,0,0,0,0,0,0,0,0
2015-11-22,7,0,0,0,0,0,0,0,6,0,59,49.88,0.0,0.1,12,12,10,0,1,0,0,0,0,0,0,0,0
2015-11-23,2,0,0,0,0,0,0,0,3,0,97,81.07,0.0,0.0,5,5,4,0,0,0,0,0,0,0,0,0,0
2015-11-24,5,0,0,0,0,0,0,0,2,0,30,25.790000000000003,0.0,0.0,0,0,0,0,0,0,0,0,0,0,0,0,0
2015-11-25,5,0,0,0,0,0,0,0,7,0,87,72.96,0.0,0.0,17,17,14,0,0,0,0,0,0,0,0,0,0
2015-11-26,3,0,0,0,0,0,0,0,2,0,40,33.44,0.0,0.0,0,0,0,0,0,0,0,0,0,0,0,0,0
2015-11-27,2,0,0,0,0,0,0,0,0,0,10,8.52,0.0,0.0,0,0,0,0,0,0,0,0,0,0,0,0,0
2015-11-28,3,0,0,0,0,0,0,0,0,0,16,13.570000000000002,0.0,0.0,0,0,0,0,0,0,0,0,0,0,0,0,0
2015-11-30,5,0,0,0,0,0,0,0,3,0,41,35.0,0.0,0.2,6,6,5,0,1,0,0,0,0,0,0,0,0
2015-12-01,3,0,0,0,0,0,0,0,2,0,41,34.96,0.0,0.0,0,0,0,0,0,0,0,0,0,0,0,0,0
2015-12-02,2,0,0,0,0,0,0,0,3,0,104,86.7,0.0,0.0,6,6,5,0,0,0,0,0,0,0,0,0,0
2015-12-03,13,0,0,0,0,0,0,0,5,0,23,19.72,0.0,0.0,6,6,5,0,0,0,0,0,0,0,0,0,0
2015-12-04,7,0,0,0,0,0,0,0,5,0,46,38.96,0.0,0.0,6,6,5,0,0,0,0,0,0,0,0,0,0
2015-12-05,5,0,0,0,0,0,0,0,3,0,38,32.43,0.0,0.0,6,6,5,0,0,0,0,0,0,0,0,1,0
2015-12-06,7,0,0,0,0,0,0,0,7,0,64,53.86,0.0,0.0,12,12,10,0,0,0,0,0,0,0,0,0,0
2015-12-07,7,0,0,0,0,0,0,0,3,0,27,23.28,0.0,0.0,0,0,0,0,0,0,0,0,0,0,0,0,0
2015-12-08,7,0,0,2,0,0,0,0,7,0,65,54.97,0.0,0.0,12,12,10,0,0,0,0,0,0,0,0,1,0
2015-12-09,5,0,0,0,0,0,0,0,4,0,57,48.04,0.0,0.0,12,12,10,0,0,0,0,0,0,0,0,0,0
2015-12-10,5,0,0,0,0,0,0,0,3,0,46,38.97,0.0,0.0,2,2,2,0,0,0,0,0,0,0,0,0,0
2015-12-11,8,0,0,0,0,0,0,0,9,0,70,58.75,0.0,0.0,18,18,15,0,0,0,0,0,0,0,0,0,0
2015-12-12,8,0,0,0,0,0,0,0,4,0,31,26.479999999999997,0.0,0.0,0,0,0,0,0,0,0,0,0,0,0,0,0
2015-12-13,11,0,0,0,0,0,0,0,5,0,31,26.02,0.0,0.0,2,2,2,0,0,0,0,0,0,0,0,0,0
2015-12-14,4,0,0,0,0,0,0,0,1,0,26,22.24,0.0,0.0,0,0,0,0,0,0,0,0,0,0,0,0,0
2015-12-15,6,0,0,0,0,0,0,0,4,0,45,37.93,0.0,0.0,6,6,5,0,0,0,0,0,0,0,0,0,0
2015-12-16,9,0,0,0,0,0,0,0,5,0,39,33.18,0.0,0.0,11,11,9,0,0,0,0,0,0,0,0,0,0
2015-12-17,8,0,0,0,0,0,0,0,4,0,32,27.18,0.0,0.0,0,0,0,0,0,0,0,0,0,0,0,0,0
2015-12-18,5,0,0,0,0,0,0,0,3,0,45,38.14,0.0,0.0,2,2,2,0,0,0,0,0,0,0,0,0,0
2015-12-19,7,0,0,0,0,0,0,0,3,0,34,28.51,0.0,0.0,2,2,2,0,0,0,0,0,0,0,0,0,0
2015-12-20,4,0,0,0,0,0,0,0,1,0,24,20.17,0.0,0.0,0,0,0,0,0,0,0,0,0,0,0,0,0
2015-12-21,7,0,0,0,0,0,0,0,3,0,30,25.34,0.0,0.0,4,4,4,0,0,0,0,0,0,0,0,0,0
2015-12-22,11,0,0,0,0,0,0,0,10,0,58,48.7,0.0,0.0,7,7,6,0,0,0,0,0,0,0,0,0,0
2015-12-24,2,0,0,0,0,0,0,0,2,0,81,67.81,0.0,0.0,6,6,5,0,0,0,0,0,0,0,0,0,0
2015-12-25,6,0,0,0,0,0,0,0,3,0,36,30.579999999999995,0.0,0.0,0,0,0,0,0,0,0,0,0,0,0,0,0
2015-12-26,1,0,0,0,0,0,0,0,1,0,119,99.48,0.0,0.0,6,6,5,0,0,0,0,0,0,0,0,0,0
2015-12-27,8,0,0,0,0,0,0,0,5,0,38,32.02,0.0,0.0,5,5,4,0,0,0,0,0,0,0,0,0,0
2015-12-28,4,0,0,0,0,0,0,0,4,0,65,54.449999999999996,0.0,0.0,12,12,10,0,0,0,0,0,0,0,0,0,0
2015-12-29,4,0,0,0,0,0,0,0,6,0,92,77.19,0.0,0.0833,15,15,12,0,1,0,0,0,0,0,0,0,0
2015-12-30,2,0,0,0,0,0,0,0,1,0,30,25.82,0.0,0.0,0,0,0,0,0,0,0,0,0,0,0,0,0
2016-01-01,11,0,0,0,0,0,0,0,9,0,52,43.67,0.0,0.11109999999999999,11,11,9,0,1,0,0,0,0,0,0,0,0
2016-01-02,6,0,0,0,0,0,0,0,3,0,38,32.43,0.2,0.0,5,5,4,1,0,0,0,0,0,0,0,0,0
2016-01-03,11,0,0,0,0,0,0,0,5,0,31,26.02,0.0,0.0,6,6,5,0,0,0,0,0,0,0,0,0,0
2016-01-04,5,0,0,0,0,0,0,0,3,0,38,31.83,0.0,0.0,6,6,5,0,0,0,0,0,0,0,0,0,0
2016-01-05,9,0,0,0,0,0,0,0,4,0,28,23.38,0.0,0.16670000000000001,7,7,6,0,1,0,0,0,0,0,0,0,0
2016-01-06,5,0,0,0,0,0,0,0,3,0,40,33.84,0.0,0.0,0,0,0,0,0,0,0,0,0,0,0,0,0
2016-01-07,6,0,0,0,0,0,0,0,2,0,27,22.7,0.0,0.0,0,0,0,0,0,0,0,0,0,0,0,0,0
2016-01-08,7,0,0,0,0,0,0,0,9,0,78,65.12,0.0,0.0,12,12,10,0,0,0,0,0,0,0,0,0,0
2016-01-09,1,0,0,0,0,0,0,0,1,0,119,99.4,0.0,0.0,0,0,0,0,0,0,0,0,0,0,0,0,0
2016-01-10,5,0,0,0,0,0,0,0,6,0,73,60.85,0.0,0.1,12,12,10,0,1,0,0,0,0,0,0,0,0
2016-01-11,8,0,0,0,0,0,0,0,7,0,54,45.63,0.0,0.0,6,6,5,0,0,0,0,0,0,0,0,0,0
2016-01-12,10,0,0,0,0,0,0,0,10,0,64,53.339999999999996,0.0,0.0,18,18,15,0,0,0,0,0,0,0,0,0,0
2016-01-13,9,0,0,0,0,0,0,0,3,0,26,22.1,0.0,0.0,2,2,2,0,0,0,0,0,0,0,0,0,0
2016-01-14,4,0,0,0,0,0,0,0,5,0,79,66.52,0.0,0.0,8,8,7,0,0,0,0,0,0,0,0,0,0
2016-01-15,6,0,0,0,0,0,0,0,6,0,69,57.879999999999995,0.0,0.0,16,16,13,0,0,0,0,0,0,0,0,0,0
2016-01-16,9,0,1,0,0,0,0,0,7,0,47,39.17,0.0,0.0909,13,13,11,0,1,0,0,0,0,0,0,0,0
2016-01-17,4,0,0,0,0,0,0,0,3,0,45,37.51,0.0,0.0,0,0,0,0,0,0,0,0,0,0,0,0,0
2016-01-18,1,0,0,0,0,0,0,0,0,0,29,24.69,0.0,0.0,0,0,0,0,0,0,0,0,0,0,0,0,0
2016-01-19,3,0,0,0,0,0,0,0,2,0,45,37.87,0.0,0.0,5,5,4,0,0,0,0,0,0,0,0,0,0
2016-01-20,1,0,0,0,0,0,0,0,0,0,49,41.39,0.0,0.0,0,0,0,0,0,0,0,0,0,0,0,0,0
2016-01-21,9,0,0,0,0,0,0,0,7,0,49,41.25,0.0,0.0,0,0,0,0,0,0,0,0,0,0,0,0,0
2016-01-22,4,0,0,0,0,0,0,0,4,0,74,61.72,0.0,0.0,8,8,7,0,0,0,0,0,0,0,0,0,0
2016-01-23,5,0,0,0,0,0,0,0,4,0,58,48.48,0.0,0.0,11,11,9,0,0,0,0,0,0,0,0,0,0
2016-01-24,6,0,0,0,0,0,0,0,6,0,61,51.41,0.0,0.0,6,6,5,0,0,0,0,0,0,0,0,0,0
2016-01-25,7,0,0,0,0,0,0,0,4,0,38,32.39,0.0,0.0,0,0,0,0,0,0,0,0,0,0,0,0,0
2016-01-26,8,0,0,0,0,0,0,0,6,0,50,42.04,0.0,0.0,12,12,10,0,0,0,0,0,0,0,0,0,0
2016-01-27,15,0,0,0,0,0,0,0,7,0,31,26.02,0.0,0.0,8,8,7,0,0,0,0,0,0,0,0,0,0
2016-01-28,3,0,0,0,0,0,0,0,2,0,50,41.83,0.0,0.0,6,6,5,0,0,0,0,0,0,0,0,0,0
2016-01-29,4,0,0,0,0,0,0,0,2,0,36,30.43,0.0,0.0,1,1,0,0,0,0,0,0,0,0,0,0,0
2016-01-30,7,0,0,0,0,0,0,0,5,0,43,36.5,0.0,0.0,3,3,2,0,0,0,0,0,0,0,0,0,0
2016-01-31,8,0,0,0,0,0,0,0,4,0,36,30.760000000000005,0.0,0.0,5,5,4,0,0,0,0,0,0,0,0,0,0
2016-02-01,8,0,0,0,0,0,0,0,5,0,44,36.88,0.0,0.0,6,6,5,0,0,0,0,0,0,0,0,0,0
2016-02-02,8,0,0,1,0,0,0,0,9,0,70,58.48,0.0,0.05,24,24,20,0,1,0,0,0,0,0,0,0,0
2016-02-03,11,0,0,0,0,0,0,0,7,0,42,35.08,0.0,0.0,12,12,10,0,0,0,0,0,0,0,0,0,0
2016-02-04,7,0,0,0,0,0,0,0,6,0,51,42.97,0.0,0.0,12,12,10,0,0,0,0,0,0,0,0,0,0
2016-02-05,1,0,0,0,0,0,0,0,0,0,13,11.31,0.0,0.0,0,0,0,0,0,0,0,0,0,0,0,0,0
2016-02-06,6,0,0,0,0,0,0,0,5,0,52,43.89,0.0,0.0,2,2,2,0,0,0,0,0,0,0,0,0,0
2016-02-07,8,0,0,0,0,0,0,0,4,0,36,30.36,0.0,0.0,0,0,0,0,0,0,0,0,0,0,0,0,0
2016-02-08,8,1,0,0,0,0,0,0,6,0,50,41.8,0.0,0.0,3,3,2,0,0,0,0,0,0,0,0,0,0
2016-02-09,7,0,0,0,0,0,0,0,5,0,49,41.41,0.0,0.0,12,12,10,0,0,0,0,0,0,0,0,0,0
2016-02-10,5,0,0,0,0,0,0,0,3,0,42,35.06,0.0,0.0,6,6,5,0,0,0,0,0,0,0,0,0,0
2016-02-11,4,0,0,0,0,0,0,0,1,0,21,17.74,0.0,0.0,0,0,0,0,0,0,0,0,0,0,0,0,0
2016-02-12,6,0,0,0,0,0,0,0,4,0,41,34.82,0.0,0.0,6,6,5,0,0,0,0,0,0,0,0,0,0
2016-02-13,8,0,0,0,0,0,0,0,9,0,67,56.37,0.0,0.0,18,18,15,0,0,0,0,0,0,0,0,0,0
2016-02-14,8,0,0,0,0,0,0,0,5,0,38,32.11,0.0,0.0,0,0,0,0,0,0,0,0,0,0,0,0,0
2016-02-15,4,0,0,0,0,0,0,0,2,0,30,25.619999999999997,0.0,0.0,0,0,0,0,0,0,0,0,0,0,0,0,0
2016-02-16,8,0,0,0,0,0,0,0,4,0,33,27.96,0.0,0.0,6,6,5,0,0,0,0,0,0,0,0,0,0
2016-02-17,5,0,0,0,0,0,0,0,3,0,44,37.11,0.0,0.0,0,0,0,0,0,0,0,0,0,0,0,0,0
2016-02-18,3,0,0,0,0,0,0,0,3,0,75,62.68,0.0,0.0,2,2,2,0,0,0,0,0,0,0,0,0,0
2016-02-19,5,0,0,0,0,0,0,0,4,0,48,40.79,0.0,0.0,6,6,5,0,0,0,0,0,0,0,0,0,0
2016-02-20,8,0,0,0,0,0,0,0,7,0,53,44.63,0.0,0.2,6,6,5,0,1,0,0,0,0,0,0,0,0
2016-02-21,4,0,0,0,0,0,0,0,2,0,41,34.44,0.0,0.0,6,6,5,0,0,0,0,0,0,0,0,0,0
2016-02-22,8,0,0,0,0,0,0,0,4,0,32,26.839999999999996,0.0,0.0,6,6,5,0,0,0,0,0,0,0,0,0,0
2016-02-23,4,0,0,0,0,0,0,0,3,0,45,37.56,0.0,0.0,0,0,0,0,0,0,0,0,0,0,0,0,0
2016-02-24,5,0,0,0,0,0,0,0,2,0,33,28.000000000000004,0.0,0.0,0,0,0,0,0,0,0,0,0,0,0,0,0
2016-02-25,8,0,0,0,0,0,0,0,8,0,61,51.57000000000001,0.0,0.0,12,12,10,0,0,0,0,0,0,0,0,0,0
2016-02-26,5,0,0,0,0,0,0,0,4,0,58,48.6,0.0,0.0,8,8,7,0,0,0,0,0,0,0,0,0,0
2016-02-27,6,0,0,0,0,0,0,0,1,0,19,16.58,0.0,0.0,0,0,0,0,0,0,0,0,0,0,0,0,0
2016-02-28,7,0,0,2,0,0,0,0,6,0,51,43.29,0.0,0.0,6,6,5,0,0,0,0,0,0,0,0,0,0
2016-02-29,4,0,0,0,0,0,0,0,2,0,41,34.17,0.0,0.0,6,6,5,0,0,0,0,0,0,0,0,0,0
2016-03-01,7,0,0,0,0,0,0,0,5,0,45,37.73,0.0,0.0,2,2,2,0,0,0,0,0,0,0,0,0,0
2016-03-02,4,0,0,0,0,0,0,0,3,0,52,43.62,0.0,0.0,1,1,1,0,0,0,0,0,0,0,0,0,0
2016-03-03,2,0,0,0,0,0,0,0,0,0,19,16.25,0.0,0.0,0,0,0,0,0,0,0,0,0,0,0,0,0
2016-03-04,9,0,0,0,0,0,0,0,5,0,36,30.53,0.0,0.0,0,0,0,0,0,0,0,0,0,0,0,0,0
2016-03-05,3,0,0,1,0,0,0,0,4,0,84,70.26,0.0,0.0,5,5,4,0,0,0,0,0,0,0,0,0,0
2016-03-06,5,0,0,0,0,0,0,0,2,0,29,24.66,0.0,0.0,0,0,0,0,0,0,0,0,0,0,0,0,0
2016-03-07,6,0,0,0,0,0,0,0,4,0,43,36.59,0.0,0.0,12,12,10,0,0,0,0,0,0,0,0,0,0
2016-03-08,3,0,0,0,0,0,0,0,2,0,58,48.35,0.0,0.2,6,6,5,0,1,0,0,0,0,0,0,0,0
2016-03-09,11,0,0,0,0,0,0,0,9,0,52,43.43,0.0,0.0,18,18,15,0,0,0,0,0,0,0,0,0,0
2016-03-10,7,0,0,0,0,0,0,0,5,0,46,39.14,0.0,0.0,8,8,7,0,0,0,0,0,0,0,0,0,0
2016-03-11,4,0,0,0,0,0,0,0,0,0,13,10.96,0.0,0.0,0,0,0,0,0,0,0,0,0,0,0,0,0
2016-03-12,9,0,0,0,0,0,0,0,4,0,28,23.61,0.0,0.0,6,6,5,0,0,0,0,0,0,0,0,0,0
2016-03-13,8,0,0,0,0,0,0,0,4,0,34,28.37,0.0,0.0,0,0,0,0,0,0,0,0,0,0,0,0,0
2016-03-14,4,0,0,0,0,0,0,0,5,0,77,64.5,0.0,0.0,14,14,12,0,0,0,0,0,0,0,0,0,0
2016-03-15,13,0,0,0,0,0,0,0,7,0,36,30.020000000000003,0.0,0.1429,9,9,7,0,1,0,0,0,0,0,0,0,0
2016-03-16,6,0,0,0,0,0,0,0,3,0,32,26.77,0.0,0.0,0,0,0,0,0,0,0,0,0,0,0,0,0
2016-03-17,4,0,0,0,0,0,0,0,4,0,70,58.52,0.0,0.0,6,6,5,0,0,0,0,0,0,0,0,0,0
2016-03-18,6,0,0,0,0,0,0,0,3,0,38,31.85,0.16670000000000001,0.0,6,6,5,1,0,0,0,0,0,0,0,0,0
2016-03-19,7,0,0,0,0,0,0,0,3,0,30,25.58,0.0,0.0,6,6,5,0,0,0,0,0,0,0,0,0,0
2016-03-20,3,0,0,0,0,0,0,0,3,0,62,51.78,0.0,0.0,6,6,5,0,0,0,0,0,0,0,0,0,0
2016-03-21,3,0,0,0,0,0,0,0,3,0,78,65.08,0.0,0.2,12,12,10,0,2,0,0,0,0,0,0,0,0
2016-03-22,7,0,0,0,0,0,0,0,3,0,31,26.07,0.0,0.0,6,6,5,0,0,0,0,0,0,0,0,0,0
2016-03-23,5,0,0,0,0,0,0,0,2,0,35,29.220000000000002,0.0,0.0,0,0,0,0,0,0,0,0,0,0,0,0,0
2016-03-24,11,0,0,0,0,0,0,0,10,0,59,49.33,0.0,0.0,18,18,15,0,0,0,0,0,0,0,0,0,0
2016-03-25,4,1,0,0,0,0,0,0,1,0,21,18.16,0.0,0.0,0,0,0,0,0,0,0,0,0,0,0,0,0
2016-03-26,9,0,0,0,0,0,0,0,9,0,66,55.49000000000001,0.0,0.0,24,24,20,0,0,0,0,0,0,0,0,0,0
2016-03-27,1,0,0,0,0,0,0,0,0,0,25,21.36,0.0,0.0,0,0,0,0,0,0,0,0,0,0,0,0,0
2016-03-28,11,0,0,0,0,0,0,0,5,0,27,22.93,0.0,0.0,0,0,0,0,0,0,0,0,0,0,0,0,0
2016-03-29,10,0,0,0,0,0,0,0,4,0,29,24.94,0.0,0.0,10,10,9,0,0,0,0,0,0,0,0,0,0
2016-03-30,10,0,0,0,0,0,0,0,8,0,53,44.69,0.0,0.0,18,18,15,0,0,0,0,0,0,0,0,0,0
2016-03-31,5,0,0,0,0,0,0,0,4,0,56,46.76,0.0,0.0,6,6,5,0,0,0,0,0,0,0,0,0,0
2016-04-01,8,0,0,0,0,0,0,0,7,0,58,48.78,0.0,0.0,12,12,10,0,0,0,0,0,0,0,0,0,0
2016-04-02,7,0,0,0,0,0,0,0,3,0,29,24.21,0.0,0.0,0,0,0,0,0,0,0,0,0,0,0,0,0
2016-04-03,6,0,0,0,0,0,0,0,2,0,26,21.79,0.0,0.0,0,0,0,0,0,0,0,0,0,0,0,0,0
2016-04-04,3,0,0,0,0,0,0,0,4,0,87,73.15,0.0,0.0,6,6,5,0,0,0,0,0,0,0,0,0,0
2016-04-05,8,0,0,0,0,0,0,0,4,0,37,31.120000000000005,0.5,0.0,2,2,2,1,0,0,0,0,0,0,0,0,0
2016-04-06,2,0,0,0,0,0,0,0,0,0,20,17.09,0.0,0.0,0,0,0,0,0,0,0,0,0,0,0,0,0
2016-04-07,4,0,0,0,0,0,0,0,1,0,21,18.03,0.0,0.0,0,0,0,0,0,0,0,0,0,0,0,0,0
2016-04-08,6,0,0,0,0,0,0,0,3,0,30,25.4,0.0,0.0,2,2,2,0,0,0,0,0,0,0,0,0,0
2016-04-09,4,0,0,0,0,0,0,0,2,0,38,32.46,0.0,0.0,0,0,0,0,0,0,0,0,0,0,0,0,0
2016-04-10,7,0,0,0,0,0,0,0,3,0,26,21.94,0.0,0.0,3,3,2,0,0,0,0,0,0,0,0,0,0
2016-04-11,4,0,0,0,0,0,0,0,0,0,13,11.14,0.0,0.0,0,0,0,0,0,0,0,0,0,0,0,0,0
2016-04-12,12,0,0,0,0,0,0,0,13,0,66,55.279999999999994,0.0,0.0,21,21,17,0,0,0,0,0,0,0,0,0,0
2016-04-13,10,0,0,0,0,0,0,0,4,0,29,24.99,0.0,0.0,6,6,5,0,0,0,0,0,0,0,0,0,0
2016-04-14,10,0,0,0,0,0,0,0,7,0,47,39.98,0.07139999999999999,0.0,14,14,12,1,0,0,0,0,0,0,0,0,0
2016-04-15,10,0,0,0,0,0,0,0,5,0,35,29.799999999999997,0.0,0.0,5,5,4,0,0,0,0,0,0,0,0,0,0
2016-04-16,6,0,0,0,0,0,0,0,3,0,30,25.679999999999996,0.0,0.0,0,0,0,0,0,0,0,0,0,0,0,0,0
2016-04-17,4,0,0,1,0,0,0,0,4,0,67,56.43,0.0,0.2,6,6,5,0,1,0,0,0,0,0,0,0,0
2016-04-18,4,0,0,0,0,0,0,0,3,0,55,46.51,0.0,0.0,12,12,10,0,0,0,0,0,0,0,0,0,0
2016-04-19,7,0,0,0,0,0,0,0,7,0,60,50.38,0.0,0.0,14,14,12,0,0,0,0,0,0,0,0,0,0
2016-04-20,6,0,0,0,0,0,0,0,5,0,50,41.79,0.0,0.0,4,4,4,0,0,0,0,0,0,0,0,0,0
2016-04-21,3,0,0,0,0,0,0,0,0,0,14,12.47,0.0,0.0,0,0,0,0,0,0,0,0,0,0,0,0,0
2016-04-22,2,0,0,0,0,0,0,0,1,0,42,35.13,0.0,0.0,0,0,0,0,0,0,0,0,0,0,0,0,0
2016-04-23,6,0,0,0,0,0,0,0,4,0,43,36.09,0.0,0.0,6,6,5,0,0,0,0,0,0,0,0,0,0
2016-04-24,8,0,0,0,0,0,0,0,5,0,39,33.33,0.0,0.0,8,8,7,0,0,0,0,0,0,0,0,0,0
2016-04-25,4,0,0,0,0,0,0,0,3,0,48,40.36,0.0,0.2,6,6,5,0,1,0,0,0,0,0,0,0,0
2016-04-26,9,0,0,0,0,0,0,0,3,0,22,18.53,0.0,0.0,0,0,0,0,0,0,0,0,0,0,0,0,0
2016-04-27,4,0,0,0,0,0,0,0,3,0,47,39.83,0.0,0.0,0,0,0,0,0,0,0,0,0,0,0,0,0
2016-04-28,4,0,0,0,0,0,0,0,1,0,26,22.27,0.0,0.0,0,0,0,0,0,0,0,0,0,0,0,0,0
2016-04-29,4,0,0,0,0,0,0,0,4,0,68,57.04,0.0,0.0,6,6,5,0,0,0,0,0,0,0,0,0,0
2016-04-30,8,1,0,0,0,0,0,0,3,0,26,22.26,0.0,0.0,0,0,0,0,0,0,0,0,0,0,0,0,0
2016-05-01,5,0,0,0,0,0,0,0,1,0,22,19.16,0.0,0.0,0,0,0,0,0,0,0,0,0,0,0,0,0
2016-05-02,4,0,0,0,0,0,0,0,4,0,68,56.95,0.0,0.0,8,8,7,0,0,0,0,0,0,0,0,0,0
2016-05-03,4,0,0,0,0,0,0,0,3,0,45,38.14,0.0,0.0,6,6,5,0,0,0,0,0,0,0,0,0,0
2016-05-04,1,0,0,0,0,0,0,0,0,0,16,13.76,0.0,0.0,0,0,0,0,0,0,0,0,0,0,0,0,0
2016-05-05,1,0,0,0,0,0,0,0,0,0,39,32.96,0.0,0.0,0,0,0,0,0,0,0,0,0,0,0,0,0
2016-05-06,1,0,0,0,0,0,0,0,0,0,14,12.17,0.0,0.0,0,0,0,0,0,0,0,0,0,0,0,0,0
2016-05-07,4,0,0,0,0,0,0,0,2,0,34,28.67,0.0,0.0,0,0,0,0,0,0,0,0,0,0,0,0,0
2016-05-08,4,0,0,0,0,0,0,0,4,0,72,60.04999999999999,0.0,0.0,12,12,10,0,0,0,0,0,0,0,0,0,0
2016-05-09,8,0,0,0,0,0,0,0,8,0,62,52.129999999999995,0.0,0.0,7,7,5,0,0,0,0,0,0,0,0,0,0
2016-05-10,4,0,0,0,0,0,0,0,2,0,43,36.34,0.0,0.0,6,6,5,0,0,0,0,0,0,0,0,0,0
2016-05-11,3,0,0,0,0,0,0,0,2,0,53,44.85,0.0,0.0,0,0,0,0,0,0,0,0,0,0,0,0,0
2016-05-12,10,0,0,0,0,0,0,0,7,0,42,35.16,0.0,0.2,6,6,5,0,1,0,0,0,0,0,0,0,0
2016-05-13,4,0,0,1,0,0,0,0,3,0,49,40.87,0.0,0.0,0,0,0,0,0,0,0,0,0,0,0,0,0
2016-05-14,7,0,0,0,0,0,0,0,2,0,20,16.74,0.0,0.0,0,0,0,0,0,0,0,0,0,0,0,0,0
2016-05-15,16,0,0,0,0,0,0,0,11,0,41,34.62,0.037000000000000005,0.0,27,27,22,1,0,0,0,0,0,0,0,0,0
2016-05-16,6,0,0,0,0,0,0,0,3,0,39,32.95,0.0,0.0,6,6,5,0,0,0,0,0,0,0,0,0,0
2016-05-17,2,0,0,0,0,0,0,0,1,0,59,49.63,0.0,0.0,0,0,0,0,0,0,0,0,0,0,0,0,0
2016-05-18,4,0,0,0,0,0,0,0,3,0,55,46.14,0.0,0.0,8,8,7,0,0,0,0,0,0,0,0,0,0
2016-05-19,8,0,0,0,0,0,0,0,5,0,39,32.86,0.0,0.0,11,11,8,0,0,0,0,0,0,0,0,0,0
2016-05-20,4,0,0,0,0,0,0,0,3,0,46,38.84,0.0,0.0,6,6,5,0,0,0,0,0,0,0,0,0,0
2016-05-21,4,0,0,0,0,0,0,0,2,0,44,37.12,0.0,0.0,0,0,0,0,0,0,0,0,0,0,0,0,0
2016-05-22,17,0,0,0,0,0,0,0,8,0,30,25.52,0.0,0.0,0,0,0,0,0,0,0,0,0,0,0,0,0
2016-05-23,10,0,0,0,0,0,0,0,7,0,47,39.8,0.0909,0.0,11,11,9,1,0,0,0,0,0,0,0,0,0
2016-05-24,9,0,0,0,0,0,0,0,4,0,27,22.54,0.0,0.0,0,0,0,0,0,0,0,0,0,0,0,0,0
2016-05-25,8,0,0,0,0,0,0,0,6,0,50,42.26,0.0,0.0,5,5,4,0,0,0,0,0,0,0,0,0,0
2016-05-26,13,0,0,0,0,0,0,0,5,0,25,21.54,0.0,0.5,2,2,2,0,1,0,0,0,0,0,0,0,0
2016-05-27,7,0,0,0,0,0,0,0,3,0,29,24.3,0.0,0.0,0,0,0,0,0,0,0,0,0,0,0,0,0
2016-05-28,5,0,0,0,0,0,0,0,1,0,23,19.5,0.0,0.0,0,0,0,0,0,0,0,0,0,0,0,0,0
2016-05-29,4,0,0,0,0,0,0,0,3,0,47,39.95,0.0,0.0,0,0,0,0,0,0,0,0,0,0,0,0,0
2016-05-30,4,0,0,0,0,0,0,0,3,0,48,40.34,0.0,0.0,0,0,0,0,0,0,0,0,0,0,0,0,0
2016-05-31,7,0,0,1,0,0,0,0,4,0,34,28.689999999999998,0.0,0.0,6,6,5,0,0,0,0,0,0,0,0,0,0
2016-06-01,9,0,0,0,0,0,0,0,8,0,57,47.93,0.0,0.0,20,20,17,0,0,0,0,0,0,0,0,0,0
2016-06-02,3,0,0,0,0,0,0,0,2,0,54,45.41,0.0,0.0,5,5,4,0,0,0,0,0,0,0,0,0,0
2016-06-03,4,0,0,0,0,0,0,0,2,0,37,31.08,0.0,0.0,6,6,5,0,0,0,0,0,0,0,0,0,0
2016-06-04,8,0,0,0,0,0,0,0,7,0,59,49.41,0.0,0.0,5,5,4,0,0,0,0,0,0,0,0,0,0
2016-06-05,8,2,0,0,0,0,0,0,2,0,19,16.23,0.0,0.0,0,0,0,0,0,0,0,0,0,0,0,0,0
2016-06-06,2,0,0,0,0,0,0,0,0,0,12,10.67,0.0,0.0,0,0,0,0,0,0,0,0,0,0,0,0,0
2016-06-07,3,0,0,0,0,0,0,0,2,0,47,39.9,0.2,0.0,5,5,4,1,0,0,0,0,0,0,0,0,0
2016-06-08,13,0,0,1,0,0,0,0,10,0,49,40.97,0.0,0.11109999999999999,10,10,9,0,1,0,0,0,0,0,0,0,0
2016-06-09,12,0,0,0,0,0,0,0,5,0,29,24.4,0.0,0.0,6,6,5,0,0,0,0,0,0,0,0,0,0
2016-06-10,7,0,0,0,0,0,0,0,5,0,49,41.35,0.0,0.0,2,2,1,0,0,0,0,0,0,0,0,0,0
2016-06-11,6,0,0,0,0,0,0,0,4,0,40,33.63,0.0,0.0,8,8,7,0,0,0,0,0,0,0,0,0,0
2016-06-12,9,0,0,0,0,0,0,0,4,0,31,26.46,0.0,0.0,6,6,5,0,0,0,0,0,0,0,0,0,0
2016-06-13,6,0,0,0,0,0,0,0,2,0,28,24.07,0.0,0.0,0,0,0,0,0,0,0,0,0,0,0,0,0
2016-06-14,4,0,0,0,0,0,0,0,5,0,88,73.51,0.0,0.0,11,11,9,0,0,0,0,0,0,0,0,1,0
2016-06-15,9,0,0,0,0,0,0,0,7,0,47,39.3,0.0,0.0,11,11,9,0,0,0,0,0,0,0,0,0,0
2016-06-16,1,0,0,0,0,0,0,0,0,0,9,8.12,0.0,0.0,0,0,0,0,0,0,0,0,0,0,0,0,0
2016-06-17,2,0,0,0,0,0,0,0,0,0,29,24.44,0.0,0.0,0,0,0,0,0,0,0,0,0,0,0,0,0
2016-06-18,5,0,0,0,0,0,0,0,3,0,36,30.53,0.0,0.0,0,0,0,0,0,0,0,0,0,0,0,0,0
2016-06-19,9,0,0,0,0,0,0,0,5,0,37,31.45,0.0,0.0,12,12,10,0,0,0,0,0,0,0,0,0,0
2016-06-20,6,0,0,0,0,0,0,0,4,0,42,35.67,0.0,0.0,14,14,11,0,0,0,0,0,0,0,0,0,0
2016-06-21,3,0,0,0,0,0,0,0,1,0,36,30.79,0.0,0.0,0,0,0,0,0,0,0,0,0,0,0,0,0
2016-06-22,2,0,0,0,0,0,0,0,1,0,40,33.39,0.0,0.0,0,0,0,0,0,0,0,0,0,0,0,0,0
2016-06-23,3,0,0,0,0,0,0,0,0,0,17,14.41,0.0,0.0,0,0,0,0,0,0,0,0,0,0,0,0,0
2016-06-24,1,0,0,0,0,0,0,0,0,0,26,21.74,0.0,0.0,0,0,0,0,0,0,0,0,0,0,0,0,0
2016-06-25,7,0,0,0,0,0,0,0,2,0,21,18.06,0.0,0.0,0,0,0,0,0,0,0,0,0,0,0,0,0
2016-06-26,4,0,0,0,0,0,0,0,4,0,69,57.81,0.0,0.0,0,0,0,0,0,0,0,0,0,0,0,0,0
2016-06-27,1,0,0,0,0,0,0,0,1,0,84,70.08,0.0,0.0,0,0,0,0,0,0,0,0,0,0,0,0,0
2016-06-28,7,0,0,0,0,0,0,0,6,0,55,46.38,0.0,0.0,0,0,0,0,0,0,0,0,0,0,0,0,0
2016-06-29,3,0,0,0,0,0,0,0,3,0,62,52.04,0.0,0.5,2,2,2,0,1,0,0,0,0,0,0,0,0
2016-06-30,4,0,0,0,0,0,0,0,3,0,49,41.12,0.0,0.0,3,3,2,0,0,0,0,0,0,0,0,0,0
2016-07-01,4,0,0,0,0,0,0,0,5,0,77,64.4,0.0,0.0,6,6,5,0,0,0,0,0,0,0,0,0,0
2016-07-02,7,0,0,0,0,0,0,0,3,0,29,24.83,0.0,0.0,0,0,0,0,0,0,0,0,0,0,0,0,0
2016-07-03,11,0,0,0,0,0,0,0,8,0,43,36.62,0.15380000000000002,0.0909,13,13,11,2,1,0,0,0,0,0,0,0,0
2016-07-04,41,3,0,0,0,0,0,0,28,0,42,35.27,0.0,0.037000000000000005,32,32,27,0,1,0,0,0,0,0,0,0,0
2016-07-05,112,1,0,1,0,0,0,0,96,1,51,43.07,0.0,0.055,130,130,109,0,6,0,0,0,0,0,0,0,0
2016-07-06,50,0,0,0,0,0,0,0,34,0,41,34.88,0.0204,0.024399999999999998,49,49,41,1,1,0,0,0,0,0,0,0,0
2016-07-07,28,0,0,0,0,0,0,0,18,0,39,33.29,0.0,0.0,14,14,12,0,0,0,0,0,0,0,0,0,0
2016-07-08,6,0,0,0,0,0,0,0,3,0,39,32.7,0.0,0.0,5,5,4,0,0,0,0,0,0,0,0,0,0
2016-07-09,13,0,0,0,0,0,0,0,6,0,30,25.25,0.0,0.0,6,6,5,0,0,0,0,0,0,0,0,0,0
2016-07-10,9,0,0,0,0,0,0,0,4,0,32,27.07,0.0,0.22219999999999998,11,11,9,0,2,0,0,0,0,0,0,0,0
2016-07-11,6,0,0,0,0,0,0,0,4,0,48,40.25,0.0,0.0,5,5,4,0,0,0,0,0,0,0,0,0,0
2016-07-12,11,0,0,1,0,1,0,0,11,0,65,54.36,0.0,0.0,18,18,15,0,0,0,0,0,0,0,0,0,0
2016-07-13,16,0,0,0,0,0,0,0,8,0,33,27.79,0.11109999999999999,0.0,9,9,7,1,0,0,0,0,0,0,0,0,0
2016-07-14,8,0,0,0,0,0,0,0,5,0,43,36.6,0.0,0.0,6,6,5,0,0,0,0,0,0,0,0,0,0
2016-07-15,7,0,0,0,0,0,0,0,7,0,61,51.33,0.1429,0.0,7,7,6,1,0,0,0,0,0,0,0,0,0
2016-07-16,13,0,0,0,0,0,0,0,9,0,41,34.68,0.0,0.0,11,11,9,0,0,0,0,0,0,0,0,0,0
2016-07-17,10,0,0,0,0,0,0,0,9,0,57,48.28,0.0,0.0,17,17,14,0,0,0,0,0,0,0,0,0,0
2016-07-18,11,0,0,0,0,0,0,0,5,0,29,24.91,0.0,0.0,6,6,5,0,0,0,0,0,0,0,0,0,0
2016-07-19,7,0,0,0,0,0,0,0,5,0,46,39.0,0.0909,0.0,11,11,9,1,0,0,0,0,0,0,0,0,0
2016-07-20,7,0,0,0,0,0,0,0,5,0,51,42.83,0.0,0.0,6,6,5,0,0,0,0,0,0,0,0,0,0
2016-07-21,7,0,0,0,0,0,0,0,11,0,95,79.92,0.0,0.0,25,25,21,0,0,0,0,0,0,0,0,0,0
2016-07-22,5,0,0,0,0,0,0,0,3,0,45,37.83,0.0,0.0,1,1,1,0,0,0,0,0,0,0,0,0,0
2016-07-23,10,0,0,0,0,0,0,0,4,0,28,23.78,0.0,0.0,1,1,1,0,0,0,0,0,0,0,0,0,0
2016-07-24,7,0,0,0,0,0,0,0,3,0,28,23.5,0.0,0.0,6,6,5,0,0,0,0,0,0,0,0,0,0
2016-07-25,6,0,0,0,0,0,0,0,5,0,53,44.51,0.0556,0.0,18,18,15,1,0,0,0,0,0,0,0,0,0
2016-07-26,1,0,0,0,0,0,0,0,1,0,115,96.61,0.0,0.0,6,6,5,0,0,0,0,0,0,0,0,0,0
2016-07-27,4,0,0,0,0,0,0,0,4,0,70,59.01,0.0833,0.0,12,12,10,1,0,0,0,0,0,0,0,0,0
2016-07-28,6,0,0,0,0,0,0,0,5,0,55,46.16,0.0,0.0,6,6,5,0,0,0,0,0,0,0,0,0,0
2016-07-29,6,0,0,0,0,0,0,0,2,0,29,24.79,0.0,0.0,0,0,0,0,0,0,0,0,0,0,0,0,0
2016-07-30,9,0,0,0,0,0,0,0,4,0,28,23.99,0.0,0.0,0,0,0,0,0,0,0,0,0,0,0,0,0
2016-07-31,7,0,0,1,0,0,0,0,3,0,32,27.29,0.0,0.0,6,6,5,0,0,0,0,0,0,0,0,0,0
2016-08-01,5,0,0,0,0,0,0,0,3,0,45,37.7,0.0,0.0,6,6,5,0,0,0,0,0,0,0,0,0,0
2016-08-02,4,0,0,0,0,0,0,0,2,0,43,36.02,0.0,0.0,6,6,5,0,0,0,0,0,0,0,0,0,0
2016-08-03,1,0,0,0,0,0,0,0,0,0,20,17.21,0.0,0.0,0,0,0,0,0,0,0,0,0,0,0,0,0
2016-08-04,7,2,0,0,0,0,0,0,5,0,43,36.62,0.0,0.0,0,0,0,0,0,0,0,0,0,0,0,0,0
2016-08-05,8,0,0,0,0,0,0,0,7,0,52,43.9,0.0,0.0,6,6,5,0,0,0,0,0,0,0,0,0,0
2016-08-06,10,0,0,1,0,0,0,0,6,0,37,31.629999999999995,0.0,0.0,0,0,0,0,0,0,0,0,0,0,0,0,0
2016-08-07,1,0,0,0,0,0,0,0,0,0,18,15.36,0.0,0.0,0,0,0,0,0,0,0,0,0,0,0,0,0
2016-08-08,4,0,0,0,0,0,0,0,4,0,66,55.45,0.0,0.0,6,6,5,0,0,0,0,0,0,0,0,0,0
2016-08-09,6,1,0,0,0,0,0,0,6,1,60,50.32,0.0,0.0,6,6,5,0,0,0,0,0,0,0,0,0,0
2016-08-10,7,0,0,0,0,0,0,0,4,0,40,33.48,0.0,0.0,0,0,0,0,0,0,0,0,0,0,0,0,0
2016-08-11,2,0,0,0,0,0,0,0,2,0,62,52.11,0.0,0.0,0,0,0,0,0,0,0,0,0,0,0,0,0
2016-08-12,8,1,0,0,0,0,0,0,4,1,34,29.07,0.0,0.0,6,6,5,0,0,0,0,0,0,0,0,0,0
2016-08-13,5,0,0,0,0,0,0,0,1,0,22,18.96,0.0,0.0,0,0,0,0,0,0,0,0,0,0,0,0,0
2016-08-14,5,0,0,0,0,0,0,0,3,0,47,39.36,0.0,0.0,6,6,5,0,0,0,0,0,0,0,0,0,0
2016-08-15,6,0,0,0,0,0,0,0,3,0,31,26.170000000000005,0.0,0.0,0,0,0,0,0,0,0,0,0,0,0,0,0
2016-08-16,6,0,0,0,0,0,0,0,3,0,34,28.999999999999996,0.0,0.0,0,0,0,0,0,0,0,0,0,0,0,0,0
2016-08-17,2,1,0,0,0,0,0,0,2,1,67,56.58,0.0,0.0,6,6,5,0,0,0,0,0,0,0,0,0,0
2016-08-18,11,0,0,0,0,0,0,0,3,0,20,17.18,0.0,0.0,0,0,0,0,0,0,0,0,0,0,0,0,0
2016-08-19,11,0,0,1,0,0,0,0,8,0,44,36.86,0.0,0.0,7,7,6,0,0,0,0,0,0,0,0,0,0
2016-08-20,4,0,0,0,0,0,0,0,2,0,41,34.2,0.0,0.0,6,6,5,0,0,0,0,0,0,0,0,0,0
2016-08-21,9,1,0,0,0,0,0,0,4,0,28,23.54,0.0,0.0,9,9,8,0,0,0,0,0,0,0,0,0,0
2016-08-22,3,0,0,0,0,0,0,0,3,0,71,59.68,0.0,0.2,6,6,5,0,1,0,0,0,0,0,0,0,0
2016-08-23,7,0,0,0,0,0,0,0,4,0,34,28.850000000000005,0.0,0.0,6,6,5,0,0,0,0,0,0,0,0,0,0
2016-08-24,8,0,0,0,0,0,0,0,5,0,44,37.08,0.0,0.0,7,7,6,0,0,0,0,0,0,0,0,0,0
2016-08-25,2,0,0,0,0,0,0,0,0,0,12,10.7,0.0,0.0,1,1,1,0,0,0,0,0,0,0,0,0,0
2016-08-26,8,0,0,0,0,0,0,0,11,0,83,69.31,0.0,0.0,17,17,14,0,0,0,0,0,0,0,0,0,0
2016-08-27,7,0,0,0,0,0,0,0,7,0,62,52.23,0.0833,0.0,12,12,10,1,0,0,0,0,0,0,0,0,0
2016-08-28,5,0,0,0,0,0,0,0,2,0,25,20.99,0.0,0.0,0,0,0,0,0,0,0,0,0,0,0,0,0
2016-08-29,14,0,0,0,0,0,0,0,10,0,45,37.92,0.0,0.0,1,1,1,0,0,0,0,0,0,0,0,0,0
2016-08-30,7,0,0,0,0,0,0,0,9,0,78,65.32,0.0,0.0,12,12,10,0,0,0,0,0,0,0,0,0,0
2016-08-31,5,0,0,0,0,0,0,0,1,0,15,12.53,0.0,0.0,0,0,0,0,0,0,0,0,0,0,0,0,0
2016-09-01,5,0,0,0,0,0,0,0,2,0,24,20.05,0.0,0.0,0,0,0,0,0,0,0,0,0,0,0,0,0
2016-09-02,4,0,0,0,0,0,0,0,2,0,34,28.449999999999996,0.0,0.0,0,0,0,0,0,0,0,0,0,0,0,0,0
2016-09-03,10,0,0,0,0,0,0,0,9,0,59,49.81,0.0,0.0,7,7,6,0,0,0,0,0,0,0,0,0,0
2016-09-04,3,0,0,0,0,0,0,0,1,0,24,20.63,0.0,0.0,0,0,0,0,0,0,0,0,0,0,0,0,0
2016-09-05,3,0,0,0,0,0,0,0,0,0,17,14.760000000000002,0.0,0.0,0,0,0,0,0,0,0,0,0,0,0,0,0
2016-09-06,8,0,0,0,0,0,0,0,6,0,47,39.45,0.0,0.0,18,18,15,0,0,0,0,0,0,0,0,0,0
2016-09-07,8,0,0,0,0,0,0,0,4,0,32,27.38,0.0,0.0,6,6,5,0,0,0,0,0,0,0,0,0,0
2016-09-08,1,0,0,0,0,0,0,0,0,0,25,20.89,0.0,0.0,0,0,0,0,0,0,0,0,0,0,0,0,0
2016-09-09,1,0,0,0,0,0,0,0,1,0,115,95.91,0.0,0.0,6,6,5,0,0,0,0,0,0,0,0,0,0
2016-09-10,4,0,0,0,0,0,0,0,1,0,29,24.38,0.0,0.0,0,0,0,0,0,0,0,0,0,0,0,0,0
2016-09-11,5,0,0,0,0,0,0,0,3,0,42,35.39,0.0,0.0,6,6,5,0,0,0,0,0,0,0,0,0,0
2016-09-12,8,0,0,0,0,0,0,0,5,0,43,35.93,0.0,0.0,0,0,0,0,0,0,0,0,0,0,0,0,0
2016-09-13,9,0,0,0,0,1,0,0,5,0,35,29.37,0.0,0.0,0,0,0,0,0,0,0,0,0,0,0,0,0
2016-09-15,1,0,0,0,0,0,0,0,1,0,111,92.58,0.0,0.0,0,0,0,0,0,0,0,0,0,0,0,0,0
2016-09-16,4,0,0,0,0,0,0,0,1,0,23,19.21,0.0,0.0,0,0,0,0,0,0,0,0,0,0,0,0,0
2016-09-17,6,0,0,0,0,0,0,0,3,0,39,32.6,0.0,0.0,6,6,5,0,0,0,0,0,0,0,0,0,0
2016-09-18,5,0,0,0,0,0,0,0,4,0,50,41.88,0.0,0.0,7,7,6,0,0,0,0,0,0,0,0,0,0
2016-09-19,2,0,0,0,0,0,0,0,1,0,32,27.13,0.0,0.0,0,0,0,0,0,0,0,0,0,0,0,0,0
2016-09-20,2,0,0,0,0,0,0,0,0,0,22,18.43,0.0,0.0,0,0,0,0,0,0,0,0,0,0,0,0,0
2016-09-21,10,1,0,0,0,0,0,0,4,0,26,22.29,0.0,0.0,6,6,5,0,0,0,0,0,0,0,0,0,0
2016-09-22,8,0,0,0,0,0,0,0,8,0,62,52.07000000000001,0.0,0.0,18,18,15,0,0,0,0,0,0,0,0,0,0
2016-09-23,2,0,0,0,0,0,0,0,2,0,69,57.940000000000005,0.0,0.0,5,5,4,0,0,0,0,0,0,0,0,0,0
2016-09-24,5,0,0,0,0,0,0,0,4,0,54,45.51,0.0,0.0,12,12,10,0,0,0,0,0,0,0,0,0,0
2016-09-25,3,0,0,0,0,0,0,0,0,0,14,12.23,0.0,0.0,0,0,0,0,0,0,0,0,0,0,0,0,0
2016-09-26,1,0,0,0,0,0,0,0,0,0,2,1.73,0.0,0.0,0,0,0,0,0,0,0,0,0,0,0,0,0
2016-09-27,3,0,0,0,0,1,0,0,3,0,65,54.86,0.0,0.0,6,6,5,0,0,0,0,0,0,0,0,0,0
2016-09-28,5,0,0,0,0,0,0,0,2,0,28,23.76,0.0,0.0,0,0,0,0,0,0,0,0,0,0,0,0,0
2016-09-29,4,0,0,0,0,0,0,0,2,0,43,36.66,0.0,0.0,0,0,0,0,0,0,0,0,0,0,0,0,0
2016-09-30,3,0,0,0,0,0,0,0,0,0,17,14.279999999999998,0.0,0.0,0,0,0,0,0,0,0,0,0,0,0,0,0
2016-10-01,6,0,0,0,0,0,0,0,3,0,37,31.58,0.0,0.0,12,12,10,0,0,0,0,0,0,0,0,0,0
2016-10-02,3,0,0,0,0,0,0,0,1,0,27,23.33,0.0,0.0,0,0,0,0,0,0,0,0,0,0,0,0,0
2016-10-03,3,0,0,0,0,0,0,0,2,0,45,38.27,0.0,0.0,2,2,2,0,0,0,0,0,0,0,0,0,0
2016-10-04,3,0,0,0,0,0,0,0,2,0,44,36.89,0.5,0.0,2,2,2,1,0,0,0,0,0,0,0,0,0
2016-10-05,4,0,0,0,0,0,0,0,4,0,66,55.13,0.0833,0.0,12,12,10,1,0,0,0,0,0,0,0,0,0
2016-10-06,4,0,0,0,0,0,0,0,0,0,11,9.38,0.0,0.0,0,0,0,0,0,0,0,0,0,0,0,0,0
2016-10-07,6,0,0,0,0,0,0,0,6,0,60,50.13999999999999,0.0,0.0,8,8,7,0,0,0,0,0,0,0,0,0,0
2016-10-08,3,0,0,0,0,0,0,0,4,0,82,68.88,0.0,0.0,8,8,7,0,0,0,0,0,0,0,0,0,0
2016-10-09,2,0,0,0,0,0,0,0,2,0,64,53.94,0.0,0.0,6,6,5,0,0,0,0,0,0,0,0,0,0
2016-10-10,7,2,0,0,0,0,0,0,2,0,23,19.35,0.0,0.0,0,0,0,0,0,0,0,0,0,0,0,0,0
2016-10-11,4,0,0,0,0,0,0,0,4,0,69,57.69,0.0,0.0,11,11,9,0,0,0,0,0,0,0,0,0,0
2016-10-12,4,0,0,0,0,0,0,0,6,0,97,81.15,0.0556,0.0,18,18,14,1,0,0,0,0,0,0,0,0,0
2016-10-13,6,0,0,0,0,1,1,0,5,0,56,47.13,0.0,0.0,6,6,5,0,0,0,0,0,0,0,0,0,0
2016-10-14,10,0,0,0,0,0,0,0,5,0,32,27.49,0.0,0.0,6,6,5,0,0,0,0,0,0,0,0,0,0
2016-10-15,6,1,0,0,0,0,0,0,3,0,33,28.21,0.0,0.0,6,6,5,0,0,0,0,0,0,0,0,0,0
2016-10-16,5,0,0,0,0,0,0,0,4,0,51,42.5,0.0,0.0,12,12,10,0,0,0,0,0,0,0,0,0,0
2016-10-17,4,0,0,0,0,0,0,0,3,0,54,45.28,0.16670000000000001,0.0,6,6,5,1,0,0,0,0,0,0,0,0,0
2016-10-18,6,0,0,0,0,0,0,0,2,0,26,21.91,0.0,0.0,1,1,1,0,0,0,0,0,0,0,0,0,0
2016-10-19,4,0,0,0,0,0,0,0,0,0,13,11.48,0.0,0.0,0,0,0,0,0,0,0,0,0,0,0,0,0
2016-10-20,8,0,0,0,0,0,0,0,4,0,32,26.96,0.0,0.0,2,2,2,0,0,0,0,0,0,0,0,0,0
2016-10-21,4,0,0,0,0,0,0,0,2,0,40,33.87,0.0,0.0,0,0,0,0,0,0,0,0,0,0,0,0,0
2016-10-23,8,0,0,0,0,0,0,0,4,0,33,28.199999999999996,0.0,0.0,6,6,5,0,0,0,0,0,0,0,0,0,0
2016-10-24,1,0,0,0,0,0,0,0,0,0,18,15.57,0.0,0.0,0,0,0,0,0,0,0,0,0,0,0,0,0
2016-10-25,6,0,0,0,0,1,0,0,7,0,72,60.23,0.0,0.0,12,12,10,0,0,0,0,0,0,0,0,0,0
2016-10-26,14,0,0,0,0,0,0,0,9,0,39,32.57,0.0,0.0,8,8,7,0,0,0,0,0,0,0,0,0,0
2016-10-27,4,0,0,0,0,0,0,0,2,0,35,29.26,0.0,0.0,2,2,2,0,0,0,0,0,0,0,0,0,0
2016-10-28,4,0,0,0,0,0,0,0,1,0,22,18.47,0.0,0.0,0,0,0,0,0,0,0,0,0,0,0,0,0
2016-10-29,2,0,0,0,0,0,0,0,1,0,44,37.43,0.0,0.0,0,0,0,0,0,0,0,0,0,0,0,0,0
2016-10-30,1,0,0,-1,0,1,0,0,0,0,18,15.65,0.0,0.0,0,0,0,0,0,0,0,0,0,0,0,0,0
2016-10-31,2,0,0,0,0,0,0,0,0,0,14,12.31,0.0,0.0,0,0,0,0,0,0,0,0,0,0,0,0,0
2016-11-01,2,0,0,0,0,0,0,0,1,0,34,28.98,0.0,0.0,0,0,0,0,0,0,0,0,0,0,0,0,0
2016-11-02,5,0,0,1,0,0,0,0,5,0,66,55.31,0.0,0.0,6,6,5,0,0,0,0,0,0,0,0,0,0
2016-11-03,3,0,0,0,0,0,0,0,2,0,52,43.53,0.0,0.0,6,6,5,0,0,0,0,0,0,0,0,0,0
2016-11-04,6,0,0,0,0,0,0,0,3,0,32,27.3,0.0,0.0,0,0,0,0,0,0,0,0,0,0,0,0,0
2016-11-05,2,0,0,0,0,0,0,0,1,0,52,43.63,0.0,0.0,6,6,5,0,0,0,0,0,0,0,0,0,0
2016-11-06,10,0,0,0,0,0,0,0,6,0,41,34.34,0.0,0.0,5,5,4,0,0,0,0,0,0,0,0,0,0
2016-11-07,10,0,0,0,0,0,0,0,6,0,36,30.099999999999998,0.0,0.0,11,11,9,0,0,0,0,0,0,0,0,0,0
2016-11-08,3,0,0,0,0,0,0,0,1,0,20,17.48,0.0,0.0,0,0,0,0,0,0,0,0,0,0,0,0,0
2016-11-09,3,0,0,0,0,1,0,0,5,0,110,91.94,0.0,0.0,14,14,12,0,0,0,0,0,0,0,0,0,0
2016-11-10,9,1,0,0,0,0,0,0,6,0,44,36.75,0.0,0.0,5,5,4,0,0,0,0,0,0,0,0,0,0
2016-11-11,4,0,0,0,0,0,0,0,5,0,82,68.51,0.0,0.0,6,6,5,0,0,0,0,0,0,0,0,0,0
2016-11-12,9,0,0,0,0,0,1,0,5,0,36,30.320000000000004,0.0,0.0,0,0,0,0,0,0,0,0,0,0,0,0,0
2016-11-13,9,0,0,0,0,0,0,0,2,0,14,12.19,0.0,0.0,0,0,0,0,0,0,0,0,0,0,0,0,0
2016-11-14,3,0,0,0,0,0,0,0,0,0,16,14.05,0.0,0.0,0,0,0,0,0,0,0,0,0,0,0,0,0
2016-11-15,5,0,0,0,0,0,0,0,5,0,65,54.84,0.0,0.0,11,11,9,0,0,0,0,0,0,0,0,0,0
2016-11-16,7,0,0,0,0,0,0,0,4,0,38,32.13,0.0,0.0,2,2,2,0,0,0,0,0,0,0,0,0,0
2016-11-17,3,0,0,0,0,0,0,0,3,0,75,62.97999999999999,0.0,0.0,3,3,2,0,0,0,0,0,0,0,0,0,0
2016-11-18,7,0,0,0,0,0,0,0,6,0,58,48.92,0.0,0.2,6,6,5,0,1,0,0,0,0,0,0,0,0
2016-11-19,9,1,0,0,0,0,0,0,5,0,36,30.29,0.0,0.0,2,2,2,0,0,0,0,0,0,0,0,0,0
2016-11-20,2,0,0,0,0,0,0,0,3,0,94,78.91,0.0,0.0,5,5,4,0,0,0,0,0,0,0,0,0,0
2016-11-21,7,0,0,0,0,0,0,0,7,0,64,53.71,0.0,0.0,12,12,9,0,0,0,0,0,0,0,0,0,0
2016-11-22,7,0,0,0,0,0,0,0,4,0,39,32.89,0.0,0.0,0,0,0,0,0,0,0,0,0,0,0,0,0
2016-11-23,3,0,0,0,0,0,0,0,5,0,103,86.2,0.0,0.0,6,6,5,0,0,0,0,0,0,0,0,0,0
2016-11-24,1,0,0,0,0,0,0,0,2,0,122,102.01,0.0,0.0,6,6,5,0,0,0,0,0,0,0,0,0,0
2016-11-25,5,0,0,0,0,0,0,0,2,0,29,24.82,0.0,0.0,0,0,0,0,0,0,0,0,0,0,0,0,0
2016-11-26,6,0,0,0,0,0,0,0,9,0,95,79.94,0.0,0.0,18,18,15,0,0,0,0,0,0,0,0,0,0
2016-11-27,2,0,0,0,0,0,0,0,2,0,72,60.53999999999999,0.0,0.0,0,0,0,0,0,0,0,0,0,0,0,0,0
2016-11-28,4,0,0,0,0,0,0,0,2,0,42,35.04,0.0,0.0,6,6,5,0,0,0,0,0,0,0,0,0,0
2016-11-29,4,0,0,0,0,0,0,0,3,0,50,41.77,0.0,0.0,6,6,5,0,0,0,0,0,0,0,0,0,0
2016-11-30,6,0,0,0,0,0,0,0,2,0,26,22.22,0.0,0.0,0,0,0,0,0,0,0,0,0,0,0,0,0
2016-12-01,5,0,0,0,0,0,0,0,3,0,37,31.370000000000005,0.0,0.0,2,2,2,0,0,0,0,0,0,0,0,0,0
2016-12-02,4,0,0,0,0,0,0,0,3,0,58,48.55,0.0,0.0,6,6,5,0,0,0,0,0,0,0,0,0,0
2016-12-03,5,0,0,0,0,0,0,0,5,0,66,55.2,0.0,0.0,1,1,1,0,0,0,0,0,0,0,0,0,0
2016-12-04,5,0,0,0,0,0,0,0,3,0,42,35.21,0.0,0.0,6,6,5,0,0,0,0,0,0,0,0,0,0
2016-12-05,10,0,0,0,0,0,0,0,6,0,37,31.66,0.0,0.0,0,0,0,0,0,0,0,0,0,0,0,0,0
2016-12-06,8,0,0,0,0,0,0,0,6,0,48,40.32,0.0,0.0,6,6,5,0,0,0,0,0,0,0,0,0,0
2016-12-07,14,0,0,0,0,0,0,0,10,0,45,37.87,0.0,0.0667,18,18,15,0,1,0,0,0,0,0,0,0,0
2016-12-08,8,0,0,0,0,0,0,0,4,0,34,28.34,0.0,0.0,6,6,5,0,0,0,0,0,0,0,0,0,0
2016-12-09,7,1,0,0,0,0,0,0,4,0,40,33.38,0.0,0.0,6,6,5,0,0,0,0,0,0,0,0,0,0
2016-12-10,7,0,0,0,0,0,0,0,4,0,38,32.01,0.0,0.0,1,1,1,0,0,0,0,0,0,0,0,0,0
2016-12-11,7,0,0,0,0,0,0,0,4,0,40,33.71,0.0,0.0,5,5,4,0,0,0,0,0,0,0,0,0,0
2016-12-12,5,0,0,0,0,0,0,0,4,0,54,45.63,0.0,0.1429,8,8,7,0,1,0,0,0,0,0,0,0,0
2016-12-13,11,0,0,0,0,0,0,0,8,0,46,38.54,0.07139999999999999,0.0833,14,14,12,1,1,0,0,0,0,0,0,0,0
2016-12-14,4,0,0,0,0,0,0,0,3,0,47,39.98,0.0,0.0,6,6,5,0,0,0,0,0,0,0,0,0,0
2016-12-15,4,0,0,0,0,0,0,0,3,0,45,37.94,0.0,0.0,6,6,5,0,0,0,0,0,0,0,0,0,0
2016-12-16,2,0,0,0,0,0,0,0,1,0,30,25.379999999999995,0.0,0.0,0,0,0,0,0,0,0,0,0,0,0,0,0
2016-12-17,2,0,0,0,0,0,0,0,1,0,31,26.179999999999996,0.0,0.0,0,0,0,0,0,0,0,0,0,0,0,0,0
2016-12-18,9,2,0,0,0,0,0,0,10,3,71,59.28,0.16670000000000001,0.0,6,6,5,1,0,0,0,0,0,0,0,0,0
2016-12-19,12,0,0,0,0,0,0,0,3,0,17,14.610000000000001,0.0,0.0,0,0,0,0,0,0,0,0,0,0,0,0,0
2016-12-20,4,0,0,0,0,0,0,0,2,0,43,36.31,0.0,0.0,0,0,0,0,0,0,0,0,0,0,0,0,0
2016-12-21,7,0,0,0,0,0,0,0,3,0,26,21.84,0.0,0.0,0,0,0,0,0,0,0,0,0,0,0,0,0
2016-12-22,6,0,0,0,0,0,0,0,4,0,49,41.19,0.0,0.0,0,0,0,0,0,0,0,0,0,0,0,0,0
2016-12-23,3,0,0,0,0,0,0,0,2,0,48,40.63,0.0,0.0,2,2,2,0,0,0,0,0,0,0,0,0,0
2016-12-24,10,0,0,0,0,0,0,0,6,0,41,34.44,0.0,0.0,12,12,10,0,0,0,0,0,0,0,0,0,0
2016-12-25,11,0,0,0,0,0,0,0,7,0,39,32.9,0.0,0.0,6,6,5,0,0,0,0,0,0,0,0,0,0
2016-12-26,5,0,0,0,0,0,0,0,1,0,16,13.930000000000001,0.0,0.0,0,0,0,0,0,0,0,0,0,0,0,0,0
2016-12-27,10,0,0,0,0,0,0,0,10,0,61,51.15,0.0,0.0,2,2,2,0,0,0,0,0,0,0,0,0,0
2016-12-28,4,0,0,0,0,0,0,0,2,0,36,30.620000000000005,0.0,0.0,6,6,5,0,0,0,0,0,0,0,0,0,0
2016-12-29,5,0,0,0,0,0,0,0,3,0,37,31.31,0.0,0.0,1,1,1,0,0,0,0,0,0,0,0,0,0
2016-12-30,10,0,0,0,0,0,0,0,8,0,51,42.99,0.0,0.0,5,5,4,0,0,0,0,0,0,0,0,0,0
2016-12-31,10,0,0,0,0,0,0,0,6,0,39,33.1,0.0,0.0,7,7,6,0,0,0,0,0,0,0,0,0,0
2017-01-01,9,0,0,1,0,0,0,0,9,0,65,54.43,0.0,0.0,13,13,11,0,0,0,0,0,0,0,0,0,0
2017-01-02,8,0,1,0,0,0,0,0,8,0,63,52.66,0.0,0.0,6,6,5,0,0,0,0,0,0,0,0,0,0
2017-01-03,5,1,0,0,0,0,0,0,6,1,74,62.470000000000006,0.0,0.0,0,0,0,0,0,0,0,0,0,0,0,0,0
2017-01-04,9,0,0,0,0,0,0,0,7,0,48,40.07,0.0,0.0,6,6,5,0,0,0,0,0,0,0,0,0,0
2017-01-05,6,0,0,0,0,0,0,0,3,0,30,25.480000000000004,0.0,0.0,0,0,0,0,0,0,0,0,0,0,0,0,0
2017-01-06,7,0,0,0,0,0,0,0,3,0,33,27.55,0.0,0.0,0,0,0,0,0,0,0,0,0,0,0,0,0
2017-01-07,2,0,0,0,0,0,0,0,2,0,74,61.88,0.0,0.0,1,1,1,0,0,0,0,0,0,0,0,0,0
2017-01-08,6,1,0,0,0,0,0,0,5,2,58,49.15,0.0,0.0,12,12,10,0,0,0,0,0,0,0,0,0,0
2017-01-09,7,0,0,0,0,0,0,0,4,0,39,32.92,0.0,0.0,0,0,0,0,0,0,0,0,0,0,0,0,0
2017-01-10,6,1,0,0,0,0,0,0,3,0,30,25.1,0.0,0.0,6,6,5,0,0,0,0,0,0,0,0,0,0
2017-01-11,7,0,0,2,0,0,0,0,9,0,83,69.83,0.0,0.0,13,13,11,0,0,0,0,0,0,0,0,0,0
2017-01-12,4,0,0,0,0,0,0,0,1,0,19,16.42,0.0,0.0,0,0,0,0,0,0,0,0,0,0,0,0,0
2017-01-13,8,0,0,0,0,0,0,0,6,0,50,42.03,0.0,0.0,12,12,10,0,0,0,0,0,0,0,0,0,0
2017-01-14,3,0,0,0,0,0,0,0,0,0,15,13.3,0.0,0.0,0,0,0,0,0,0,0,0,0,0,0,0,0
2017-01-15,6,0,0,0,0,0,0,0,3,0,37,31.35,0.0,0.11109999999999999,11,11,9,0,1,0,0,0,0,0,0,0,0
2017-01-16,10,0,0,0,0,0,0,0,13,0,79,66.25,0.0,0.0,24,24,20,0,0,0,0,0,0,0,0,0,0
2017-01-17,4,0,0,0,0,0,0,0,3,0,54,45.04,0.0,0.0,6,6,5,0,0,0,0,0,0,0,0,0,0
2017-01-18,4,0,0,0,0,0,0,0,1,0,19,16.16,0.0,0.0,4,4,3,0,0,0,0,0,0,0,0,0,0
2017-01-19,3,0,0,0,0,0,0,0,3,0,71,59.38,0.0,0.0,0,0,0,0,0,0,0,0,0,0,0,0,0
2017-01-20,6,0,0,0,0,0,0,0,5,0,54,45.1,0.0,0.0,10,10,8,0,0,0,0,0,0,0,0,0,0
2017-01-21,4,0,0,0,0,0,0,0,1,0,19,16.14,0.0,0.0,0,0,0,0,0,0,0,0,0,0,0,0,0
2017-01-22,8,0,0,1,0,0,0,1,6,0,51,42.57,0.0,0.0,1,1,1,0,0,0,0,0,0,0,0,0,0
2017-01-23,12,0,0,0,0,0,0,0,10,0,53,44.63,0.0,0.0,17,17,14,0,0,0,0,0,0,0,0,0,0
2017-01-24,3,0,0,0,0,0,0,0,1,0,25,21.6,0.0,0.0,0,0,0,0,0,0,0,0,0,0,0,0,0
2017-01-25,6,0,0,0,0,0,0,0,4,0,46,38.71,0.0,0.0,6,6,5,0,0,0,0,0,0,0,0,0,0
2017-01-26,12,0,0,0,0,0,0,0,7,0,38,32.11,0.0,0.0,1,1,1,0,0,0,0,0,0,0,0,0,0
2017-01-27,10,0,0,0,0,0,0,0,7,0,42,35.17,0.0,0.0,11,11,9,0,0,0,0,0,0,0,0,0,0
2017-01-28,3,0,0,1,0,0,0,0,3,0,62,51.93,0.0,0.0,0,0,0,0,0,0,0,0,0,0,0,0,0
2017-01-29,5,0,0,0,0,0,0,0,2,0,29,24.41,0.0,0.0,0,0,0,0,0,0,0,0,0,0,0,0,0
2017-01-30,15,0,0,0,0,0,0,0,16,0,67,56.24,0.0,0.0,31,31,26,0,0,0,0,0,0,0,0,0,0
2017-01-31,9,0,0,0,0,0,0,0,5,0,38,32.49,0.0,0.0,5,5,4,0,0,0,0,0,0,0,0,0,0
2017-02-01,16,1,0,0,0,0,0,0,7,0,29,24.8,0.0,0.0,6,6,5,0,0,0,0,0,0,0,0,0,0
2017-02-02,9,0,0,0,0,0,0,0,6,0,40,33.97,0.2,0.0,5,5,4,1,0,0,0,0,0,0,0,0,0
2017-02-03,23,0,0,0,0,0,0,0,22,0,57,47.84,0.035699999999999996,0.0,28,28,24,1,0,0,0,0,0,0,0,0,0
2017-02-04,13,0,0,0,0,0,0,0,15,0,70,58.98,0.0,0.0,30,30,25,0,0,0,0,0,0,0,0,0,0
2017-02-05,15,0,0,0,0,0,0,0,13,0,53,44.89,0.0,0.0,12,12,10,0,0,0,0,0,0,0,0,0,0
2017-02-06,16,1,0,1,0,0,0,0,7,1,29,24.53,0.0,0.0,0,0,0,0,0,0,0,0,0,0,0,0,0
2017-02-07,14,3,0,0,0,0,0,0,6,1,29,24.27,0.0,0.0,6,6,5,0,0,0,0,0,0,0,0,0,0
2017-02-08,4,0,0,0,0,0,0,0,5,0,79,66.47,0.0,0.2,6,6,5,0,1,0,0,0,0,0,0,0,0
2017-02-09,8,0,0,0,0,0,0,0,9,0,68,56.72999999999999,0.0,0.0,6,6,5,0,0,0,0,0,0,0,0,0,0
2017-02-10,2,0,0,0,0,0,0,0,0,0,16,14.150000000000002,0.0,0.0,0,0,0,0,0,0,0,0,0,0,0,0,0
2017-02-11,8,0,0,0,0,0,0,0,8,0,62,52.44,0.0,0.0,18,18,15,0,0,0,0,0,0,0,0,0,0
2017-02-12,14,0,0,0,0,0,0,0,13,0,57,48.31,0.0,0.0,7,7,6,0,0,0,0,0,0,0,0,0,0
2017-02-13,8,0,0,0,0,0,0,0,3,0,27,22.84,0.0,0.0,0,0,0,0,0,0,0,0,0,0,0,0,0
2017-02-14,8,0,0,0,0,0,0,0,6,0,50,42.14,0.0,0.0,6,6,5,0,0,0,0,0,0,0,0,0,0
2017-02-15,7,0,0,0,0,0,0,0,5,0,49,41.3,0.0,0.16670000000000001,8,8,6,0,1,0,0,0,0,0,0,0,0
2017-02-16,12,0,0,1,0,0,0,0,9,0,47,39.23,0.0,0.0,6,6,5,0,0,0,0,0,0,0,0,0,0
2017-02-17,15,0,0,0,0,0,0,0,14,0,59,49.25,0.0,0.0,23,23,19,0,0,0,0,0,0,0,0,0,0
2017-02-18,13,0,0,0,0,0,0,0,7,0,34,28.76,0.0,0.0,9,9,7,0,0,0,0,0,0,0,0,0,0
2017-02-19,5,0,0,0,0,0,0,0,3,0,46,38.88,0.0,0.0,6,6,5,0,0,0,0,0,0,0,0,0,0
2017-02-20,7,0,0,0,0,0,0,0,5,0,48,40.01,0.0,0.0,6,6,5,0,0,0,0,0,0,0,0,0,0
2017-02-21,14,0,0,0,0,0,0,0,12,0,52,43.91,0.0,0.0667,18,18,15,0,1,0,0,0,0,0,0,0,0
2017-02-22,8,0,0,0,0,0,0,0,5,0,41,34.88,0.0,0.0,6,6,5,0,0,0,0,0,0,0,0,0,0
2017-02-23,11,0,0,0,1,0,0,0,4,0,25,21.15,0.0,0.0,0,0,0,0,0,0,0,0,0,0,0,0,0
2017-02-24,11,0,0,0,0,0,0,0,5,0,31,26.170000000000005,0.0,0.0,0,0,0,0,0,0,0,0,0,0,0,0,0
2017-02-25,6,1,0,0,0,0,0,0,2,0,27,22.56,0.0,0.0,0,0,0,0,0,0,0,0,0,0,0,0,0
2017-02-26,12,0,0,0,0,0,0,0,9,0,45,38.06,0.0,0.0,19,19,16,0,0,0,0,0,0,0,0,0,0
2017-02-27,8,0,0,0,0,0,0,0,3,0,29,24.89,0.0,0.0,0,0,0,0,0,0,0,0,0,0,0,0,0
2017-02-28,6,0,0,0,0,0,0,0,5,0,52,43.54,0.0,0.0,6,6,5,0,0,0,0,0,0,0,0,0,0
2017-03-01,7,0,0,0,0,0,0,0,3,0,30,25.25,0.0,0.0,0,0,0,0,0,0,0,0,0,0,0,0,0
2017-03-02,9,0,0,0,0,1,0,1,4,0,28,23.78,0.0,0.0,0,0,0,0,0,0,0,0,0,0,0,0,0
2017-03-03,2,0,0,0,0,0,0,0,2,0,76,63.45,0.0,0.0,0,0,0,0,0,0,0,0,0,0,0,0,0
2017-03-04,2,0,0,0,0,0,0,0,0,0,23,19.85,0.0,0.0,0,0,0,0,0,0,0,0,0,0,0,0,0
2017-03-05,9,0,0,0,0,0,0,0,6,0,43,35.85,0.0,0.0,13,13,10,0,0,0,0,0,0,0,0,0,0
2017-03-06,3,0,0,0,0,0,0,0,2,0,41,34.56,0.0,0.0,1,1,1,0,0,0,0,0,0,0,0,0,0
2017-03-07,8,0,0,0,0,0,0,0,4,0,35,29.32,0.0,0.0,1,1,1,0,0,0,0,0,0,0,0,0,0
2017-03-08,3,0,0,0,0,0,0,0,2,0,45,37.64,0.0,0.0,0,0,0,0,0,0,0,0,0,0,0,0,0
2017-03-09,2,0,0,0,0,0,0,0,2,0,78,65.66,0.0,0.0,6,6,5,0,0,0,0,0,0,0,0,0,0
2017-03-10,9,0,0,0,0,0,0,0,6,0,42,35.7,0.0,0.0,0,0,0,0,0,0,0,0,0,0,0,0,0
2017-03-11,7,0,0,1,0,0,0,0,3,0,28,24.02,0.16670000000000001,0.0,6,6,5,1,0,0,0,0,0,0,0,0,0
2017-03-12,19,0,0,1,0,0,0,0,14,0,44,37.25,0.0,0.0,6,6,5,0,0,0,0,0,0,0,0,0,0
2017-03-13,5,0,0,0,0,0,0,0,1,0,14,12.28,0.0,0.0,0,0,0,0,0,0,0,0,0,0,0,0,0
2017-03-14,7,0,0,0,0,1,0,0,5,0,47,39.18,0.0,0.0,7,7,6,0,0,0,0,0,0,0,0,0,0
2017-03-15,7,1,0,0,0,0,0,0,2,0,24,20.74,0.0,0.0,0,0,0,0,0,0,0,0,0,0,0,0,0
2017-03-16,7,0,0,0,0,0,0,0,4,0,39,33.19,0.0,0.0,0,0,0,0,0,0,0,0,0,0,0,0,0
2017-03-17,14,1,0,0,0,0,0,0,8,0,34,28.59,0.0,0.0,6,6,5,0,0,0,0,0,0,0,0,0,0
2017-03-18,7,0,0,0,0,0,0,0,4,0,34,28.96,0.2,0.0,5,5,4,1,0,0,0,0,0,0,0,0,0
2017-03-19,9,0,0,0,0,0,0,0,6,0,45,38.19,0.0,0.0,6,6,5,0,0,0,0,0,0,0,0,0,0
2017-03-20,5,0,0,0,0,0,0,0,3,0,46,39.01,0.0,0.0,6,6,5,0,0,0,0,0,0,0,0,0,0
2017-03-21,4,0,0,0,0,0,0,0,2,0,44,37.36,0.0,0.0,0,0,0,0,0,0,0,0,0,0,0,0,0
2017-03-22,4,0,0,1,0,0,0,0,4,0,74,61.68,0.0,0.0,0,0,0,0,0,0,0,0,0,0,0,0,0
2017-03-23,2,0,0,0,0,0,0,0,0,0,16,13.780000000000001,0.0,0.0,0,0,0,0,0,0,0,0,0,0,0,0,0
2017-03-24,8,0,0,0,0,0,0,0,2,0,19,16.26,0.0,0.0,0,0,0,0,0,0,0,0,0,0,0,0,0
2017-03-25,4,0,0,0,0,0,0,0,5,0,75,63.17,0.0,0.0,12,12,10,0,0,0,0,0,0,0,0,0,0
2017-03-26,6,0,0,0,0,0,0,0,3,0,31,26.49,0.0,0.0,6,6,5,0,0,0,0,0,0,0,0,0,0
2017-03-27,9,0,0,0,0,0,0,0,3,0,21,17.92,0.0,0.0,0,0,0,0,0,0,0,0,0,0,0,0,0
2017-03-28,8,0,0,0,0,0,0,0,4,0,30,25.14,0.0,0.0,6,6,5,0,0,0,0,0,0,0,0,0,0
2017-03-29,10,0,0,0,0,0,0,0,2,0,17,14.790000000000001,0.0,0.0,0,0,0,0,0,0,0,0,0,0,0,0,0
2017-03-30,7,0,0,0,0,0,0,0,5,0,47,39.35,0.0,0.0,0,0,0,0,0,0,0,0,0,0,0,0,0
2017-03-31,10,0,0,0,0,0,0,0,6,0,41,34.61,0.0,0.0,7,7,6,0,0,0,0,0,0,0,0,0,0
2017-04-01,7,0,0,0,0,0,0,0,7,0,60,50.029999999999994,0.0556,0.0,18,18,15,1,0,0,0,0,0,0,0,0,0
2017-04-02,11,1,0,0,0,0,0,0,6,0,34,29.049999999999997,0.0,0.0,0,0,0,0,0,0,0,0,0,0,0,0,0
2017-04-03,8,2,0,0,0,0,0,0,3,0,26,21.98,0.0,0.0,6,6,5,0,0,0,0,0,0,0,0,0,0
2017-04-04,9,0,0,0,0,0,0,0,7,0,48,40.64,0.0,0.0,3,3,2,0,0,0,0,0,0,0,0,0,0
2017-04-05,10,1,0,0,0,0,0,0,8,0,49,40.94,0.0,0.5,2,2,2,0,1,0,0,0,0,0,0,0,0
2017-04-06,7,0,0,0,0,0,0,0,6,0,59,49.83,0.0,0.0,5,5,4,0,0,0,0,0,0,0,0,0,0
2017-04-07,13,0,0,1,0,0,0,0,8,0,40,33.94,0.0,0.0,12,12,10,0,0,0,0,0,0,0,0,0,0
2017-04-08,6,0,0,1,0,0,0,0,5,0,52,43.58,0.0,0.5,2,2,2,0,1,0,0,0,0,0,0,0,0
2017-04-09,7,0,0,0,0,0,0,0,8,0,75,63.09,0.0,0.0,0,0,0,0,0,0,0,0,0,0,0,0,0
2017-04-10,5,0,0,0,0,0,0,0,2,0,30,25.36,0.0,0.0,0,0,0,0,0,0,0,0,0,0,0,0,0
2017-04-11,8,0,0,0,0,0,0,0,5,0,39,32.72,0.0,0.0,6,6,5,0,0,0,0,0,0,0,0,0,0
2017-04-12,13,0,0,0,0,1,0,0,12,0,56,47.03,0.0,0.0,6,6,5,0,0,0,0,0,0,0,0,0,0
2017-04-13,6,0,0,0,0,0,0,0,4,0,45,38.3,0.0,0.0,5,5,4,0,0,0,0,0,0,0,0,0,0
2017-04-14,8,0,0,0,0,0,1,0,6,0,46,38.9,0.0,0.0,0,0,0,0,0,0,0,0,0,0,0,0,0
2017-04-15,7,0,0,0,0,0,0,0,5,0,42,35.81,0.0,0.0,0,0,0,0,0,0,0,0,0,0,0,0,0
2017-04-16,6,0,0,0,0,0,0,0,9,0,99,82.56,0.0,0.0,22,22,18,0,0,0,0,0,0,0,0,0,0
2017-04-17,2,0,0,0,0,0,0,0,1,0,49,41.25,0.0,0.0,0,0,0,0,0,0,0,0,0,0,0,0,0
2017-04-18,6,0,0,0,0,0,0,0,3,0,36,30.55,0.0,0.0,6,6,5,0,0,0,0,0,0,0,0,0,0
2017-04-19,8,0,0,0,0,0,0,0,6,0,49,41.43,0.0,0.0,6,6,5,0,0,0,0,0,0,0,0,0,0
2017-04-20,4,0,0,0,0,0,0,0,4,0,66,55.35,0.0,0.0,6,6,5,0,0,0,0,0,0,0,0,0,0
2017-04-21,7,0,0,0,0,0,0,0,2,0,17,14.44,0.0,0.0,0,0,0,0,0,0,0,0,0,0,0,0,0
2017-04-22,9,1,0,1,0,0,0,0,7,1,50,41.85,0.0,0.0,6,6,5,0,0,0,0,0,0,0,0,0,0
2017-04-23,7,0,0,0,0,0,0,0,8,0,69,57.60999999999999,0.0,0.2,6,6,5,0,1,0,0,0,0,0,0,0,0
2017-04-24,9,0,0,0,0,0,0,0,5,0,39,32.53,0.0,0.0,0,0,0,0,0,0,0,0,0,0,0,0,0
2017-04-25,12,0,0,1,0,0,0,0,9,0,47,39.56,0.0833,0.1,12,12,10,1,1,0,0,0,0,0,0,0,0
2017-04-26,16,0,0,1,0,0,0,0,14,0,53,44.46,0.0526,0.0,19,19,16,1,0,0,0,0,0,0,0,0,0
2017-04-27,14,1,0,0,0,0,0,0,13,2,56,46.67,0.0,0.0,19,19,15,0,0,0,0,0,0,0,0,0,0
2017-04-28,11,0,0,0,0,0,0,0,4,0,22,18.4,0.0,0.0,0,0,0,0,0,0,0,0,0,0,0,0,0
2017-04-29,6,0,0,-1,0,0,0,0,2,0,20,17.21,0.0,0.0,0,0,0,0,0,0,0,0,0,0,0,0,0
2017-04-30,9,0,0,0,0,0,0,0,5,0,38,31.869999999999997,0.0,0.0,0,0,0,0,0,0,0,0,0,0,0,0,0
2017-05-01,8,0,0,0,0,0,0,0,4,0,32,27.26,0.0,0.0,6,6,5,0,0,0,0,0,0,0,0,0,0
2017-05-02,11,0,0,0,0,0,0,0,4,0,25,20.85,0.0,0.0,0,0,0,0,0,0,0,0,0,0,0,0,0
2017-05-03,6,0,0,0,0,0,0,0,7,0,73,60.96,0.0,0.0,12,12,10,0,0,0,0,0,0,0,0,0,0
2017-05-04,12,0,0,0,0,0,0,0,13,0,69,58.269999999999996,0.0,0.0,25,25,21,0,0,0,0,0,0,0,0,0,0
2017-05-05,11,0,0,0,0,0,0,1,11,0,61,50.83,0.0,0.0,9,9,7,0,0,0,0,0,0,0,0,0,0
2017-05-06,10,0,0,0,0,0,0,0,4,0,27,22.89,0.0,0.0,0,0,0,0,0,0,0,0,0,0,0,0,0
2017-05-07,7,0,0,0,0,0,0,0,7,0,65,54.42,0.0,0.0,6,6,5,0,0,0,0,0,0,0,0,0,0
2017-05-08,11,1,0,0,0,0,0,0,15,1,85,71.41,0.0,0.0,21,21,17,0,0,0,0,0,0,0,0,0,0
2017-05-09,8,0,0,0,0,0,0,0,3,0,25,20.94,0.0,0.0,0,0,0,0,0,0,0,0,0,0,0,0,0
2017-05-10,2,0,0,0,0,0,0,0,2,0,68,57.21000000000001,0.0,0.0,0,0,0,0,0,0,0,0,0,0,0,0,0
2017-05-11,3,0,0,0,0,0,0,0,1,0,31,26.369999999999997,0.0,0.0,0,0,0,0,0,0,0,0,0,0,0,0,0
2017-05-12,3,0,0,0,0,0,0,0,2,0,56,47.42,0.0,0.0,6,6,5,0,0,0,0,0,0,0,0,0,0
2017-05-13,8,0,0,0,0,0,0,0,5,0,42,35.43,0.0,0.0,2,2,2,0,0,0,0,0,0,0,0,0,0
2017-05-14,5,0,0,1,0,0,0,0,6,0,83,69.42,0.0,0.0,12,12,10,0,0,0,0,0,0,0,0,0,0
2017-05-15,9,0,0,0,0,0,0,0,2,0,17,14.52,0.0,0.0,2,2,1,0,0,0,0,0,0,0,0,0,0
2017-05-16,11,0,0,0,0,0,0,0,8,0,47,39.53,0.0,0.0,6,6,5,0,0,0,0,0,0,0,0,0,0
2017-05-17,3,0,0,0,0,0,0,0,0,0,14,11.7,0.0,0.0,0,0,0,0,0,0,0,0,0,0,0,0,0
2017-05-18,4,0,0,0,0,0,0,0,1,0,26,22.14,0.0,0.0,0,0,0,0,0,0,0,0,0,0,0,0,0
2017-05-19,8,0,0,0,0,0,0,0,3,0,27,22.77,0.0,0.0,1,1,1,0,0,0,0,0,0,0,0,0,0
2017-05-20,6,0,0,0,0,0,0,0,6,0,63,52.99,0.0,0.0,3,3,3,0,0,0,0,0,0,0,0,0,0
2017-05-21,8,1,1,0,0,0,0,0,4,0,34,29.080000000000002,0.0,0.0,0,0,0,0,0,0,0,0,0,0,0,0,0
2017-05-22,5,0,0,0,0,0,0,0,3,0,46,38.41,0.0,0.0,5,5,4,0,0,0,0,0,0,0,0,0,0
2017-05-23,6,0,0,0,0,0,0,0,5,0,52,43.43,0.0,0.0,12,12,10,0,0,0,0,0,0,0,0,0,0
2017-05-24,5,1,0,0,0,0,0,0,2,0,25,21.61,0.0,0.0,0,0,0,0,0,0,0,0,0,0,0,0,0
2017-05-25,11,0,0,0,1,0,0,0,8,0,44,36.95,0.0,0.0,2,2,2,0,0,0,0,0,0,0,0,0,0
2017-05-26,1,0,0,0,0,0,0,0,0,0,11,9.27,0.0,0.0,0,0,0,0,0,0,0,0,0,0,0,0,0
2017-05-28,15,0,0,0,0,0,0,0,10,0,43,36.22,0.0,0.0,0,0,0,0,0,0,0,0,0,0,0,0,0
2017-05-29,7,0,0,0,0,0,0,0,6,0,57,47.98,0.0,0.0,7,7,6,0,0,0,0,0,0,0,0,0,0
2017-05-30,7,0,0,0,0,0,0,0,6,0,59,49.69,0.0,0.0,7,7,6,0,0,0,0,0,0,0,0,0,0
2017-05-31,7,1,0,0,0,0,0,0,3,0,30,25.8,0.0,0.0,0,0,0,0,0,0,0,0,0,0,0,0,0
2017-06-01,3,0,0,0,0,0,0,0,2,0,48,40.22,0.0,0.0,0,0,0,0,0,0,0,0,0,0,0,0,0
2017-06-02,6,0,0,0,0,0,0,0,1,0,19,16.02,0.0,0.0,0,0,0,0,0,0,0,0,0,0,0,0,0
2017-06-03,4,0,0,0,0,0,0,0,3,0,58,48.93,0.0,0.0,0,0,0,0,0,0,0,0,0,0,0,0,0
2017-06-04,11,0,0,0,0,0,0,0,11,0,62,52.349999999999994,0.0,0.0909,13,13,11,0,1,0,0,0,0,0,0,0,0
2017-06-05,1,0,0,0,0,0,0,0,1,0,117,98.3,0.0,0.0,5,5,4,0,0,0,0,0,0,0,0,0,0
2017-06-06,4,0,0,0,0,0,0,0,3,0,49,41.17,0.0,0.0,6,6,5,0,0,0,0,0,0,0,0,0,0
2017-06-07,4,0,0,0,0,0,0,0,2,0,34,28.720000000000002,0.0,0.0,0,0,0,0,0,0,0,0,0,0,0,0,0
2017-06-08,1,0,0,0,0,0,0,0,0,0,7,5.92,0.0,0.0,0,0,0,0,0,0,0,0,0,0,0,0,0
2017-06-09,6,0,0,0,0,0,0,0,9,0,92,77.06,0.0,0.0,23,23,19,0,0,0,0,0,0,0,0,0,0
2017-06-10,9,0,0,0,0,0,0,0,4,0,27,22.84,0.0,0.0,1,1,1,0,0,0,0,0,0,0,0,0,0
2017-06-11,6,1,0,0,0,0,0,0,2,0,22,19.02,0.0,0.0,0,0,0,0,0,0,0,0,0,0,0,0,0
2017-06-12,3,0,1,1,0,0,0,0,2,0,56,47.11,0.0,0.0,1,1,1,0,0,0,0,0,0,0,0,0,0
2017-06-13,6,1,0,0,0,0,0,0,4,0,45,38.3,0.0,0.0,11,11,9,0,0,0,0,0,0,0,0,0,0
2017-06-14,10,0,0,0,0,0,0,0,5,0,34,29.04,0.0,0.0,1,1,1,0,0,0,0,0,0,0,0,0,0
2017-06-15,4,0,0,0,0,0,0,0,3,0,59,49.73,0.0,0.0,6,6,5,0,0,0,0,0,0,0,0,0,0
2017-06-16,2,0,0,0,0,0,0,0,0,0,11,9.54,0.0,0.0,0,0,0,0,0,0,0,0,0,0,0,0,0
2017-06-17,6,0,0,0,0,0,0,0,4,0,40,33.46,0.0,0.0,6,6,5,0,0,0,0,0,0,0,0,0,0
2017-06-18,6,0,0,0,0,0,0,0,3,0,34,28.610000000000003,0.0,0.0,0,0,0,0,0,0,0,0,0,0,0,0,0
2017-06-19,14,1,0,0,0,0,0,0,11,0,49,41.4,0.0,0.0,7,7,6,0,0,0,0,0,0,0,0,0,0
2017-06-20,20,0,0,0,1,0,0,0,20,0,60,50.16,0.0,0.0,16,16,13,0,0,0,0,0,0,0,0,0,0
2017-06-21,31,0,0,0,0,0,0,0,23,0,45,38.18,0.0,0.0417,29,29,24,0,1,0,0,0,0,0,0,0,0
2017-06-22,78,3,0,2,0,0,0,0,57,0,44,37.13,0.0,0.0,38,38,32,0,0,0,0,0,0,0,0,0,0
2017-06-23,170,3,2,4,0,1,0,0,134,2,47,39.51,0.0331,0.009899999999999999,121,121,101,4,1,0,0,0,0,0,0,0,0
2017-06-24,184,7,1,1,0,0,0,1,166,2,54,45.25,0.0053,0.0,188,188,157,1,0,0,0,0,0,0,0,0,0
2017-06-25,199,7,1,2,0,0,0,0,148,6,44,37.25,0.0167,0.0,120,120,101,2,0,0,0,0,0,0,0,0,0
2017-06-26,141,4,1,5,0,1,0,0,112,4,47,39.95,0.0,0.0208,57,57,48,0,1,0,0,0,0,0,0,0,0
2017-06-27,132,3,0,0,0,0,0,1,115,2,52,43.7,0.0194,0.0118,103,103,85,2,1,0,0,0,0,0,0,0,0
2017-06-28,83,3,1,1,0,0,0,0,62,4,45,37.94,0.0,0.0,52,52,43,0,0,0,0,0,0,0,0,0,0
2017-06-29,77,6,0,0,0,0,0,0,68,9,53,44.47,0.0256,0.0,39,39,33,1,0,0,0,0,0,0,0,0,0
2017-06-30,43,0,0,0,0,1,0,0,29,0,40,33.85,0.0,0.11109999999999999,11,11,9,0,1,0,0,0,0,0,0,0,0
2017-07-01,49,3,0,1,0,0,0,0,38,4,46,38.88,0.0,0.0,16,16,13,0,0,0,0,0,0,0,0,0,0
2017-07-02,39,2,0,1,0,0,0,0,39,3,60,50.22,0.0,0.023799999999999998,50,50,42,0,1,0,0,0,0,0,0,0,0
2017-07-03,35,2,0,0,0,0,1,0,28,0,48,40.47,0.0,0.0333,36,36,30,0,1,0,0,0,0,0,0,0,0
2017-07-04,31,1,0,1,0,0,0,0,35,0,68,57.03,0.0,0.0,45,45,37,0,0,0,0,0,0,0,0,0,0
2017-07-05,40,4,0,1,0,0,0,0,26,2,39,33.14,0.0,0.0,19,19,15,0,0,0,0,0,0,0,0,0,0
2017-07-06,41,1,0,0,0,0,0,0,28,1,41,34.78,0.0,0.0,30,30,25,0,0,0,0,0,0,0,0,0,0
2017-07-07,38,1,0,0,0,0,0,0,31,1,49,41.5,0.0,0.0,31,31,26,0,0,0,0,0,0,0,0,0,0
2017-07-08,54,1,0,2,0,0,0,1,48,1,54,45.23,0.023799999999999998,0.0278,42,42,36,1,1,0,0,0,0,0,0,0,0
2017-07-09,87,1,1,4,1,0,0,0,75,1,52,43.67,0.0,0.0,57,57,47,0,0,0,0,0,0,0,0,0,0
2017-07-10,80,2,1,1,0,0,0,0,63,0,47,39.94,0.0,0.0,96,96,80,0,0,0,0,0,0,0,0,0,0
2017-07-11,72,2,0,0,0,1,0,0,63,2,53,44.27,0.0,0.0256,48,48,39,0,1,0,0,0,0,0,0,0,0
2017-07-12,74,2,0,1,0,0,0,1,59,0,48,40.18,0.0,0.0,76,76,63,0,0,0,0,0,0,0,0,0,0
2017-07-13,64,0,0,0,0,0,0,0,57,0,53,44.6,0.014499999999999999,0.0,69,69,57,1,0,0,0,0,0,0,0,0,0
2017-07-14,68,1,0,0,0,0,0,0,54,0,48,40.15,0.0149,0.0,67,67,56,1,0,0,0,0,0,0,0,0,0
2017-07-15,53,3,0,0,1,0,0,0,47,4,53,44.38,0.0,0.0,47,47,39,0,0,0,0,0,0,0,0,0,0
2017-07-16,57,0,0,0,0,0,0,0,45,0,47,39.59,0.0263,0.0313,38,38,32,1,1,0,0,0,0,0,0,0,0
2017-07-17,51,1,1,1,0,0,0,0,38,3,44,37.38,0.0,0.0,37,37,31,0,0,0,0,0,0,0,0,0,0
2017-07-18,40,0,0,0,0,0,0,0,35,0,53,44.53,0.0,0.0189,64,64,53,0,1,0,0,0,0,0,0,0,0
2017-07-19,29,1,0,0,0,0,0,0,20,0,43,35.88,0.0,0.0,12,12,10,0,0,0,0,0,0,0,0,0,0
2017-07-20,37,1,0,0,0,0,0,0,25,0,41,34.21,0.0,0.0,19,19,16,0,0,0,0,0,0,0,0,0,0
2017-07-21,41,0,0,1,0,0,0,0,26,0,39,32.83,0.0,0.0,15,15,13,0,0,0,0,0,0,0,0,0,0
2017-07-22,34,2,0,1,0,1,0,0,27,0,47,39.99,0.0,0.0,26,26,21,0,0,0,0,0,0,0,0,0,0
2017-07-23,47,2,0,0,0,0,0,1,25,0,32,27.04,0.0,0.0,12,12,10,0,0,0,0,0,0,0,0,0,0
2017-07-24,24,0,0,0,0,0,0,0,14,0,35,29.23,0.0,0.0,6,6,5,0,0,0,0,0,0,0,0,0,0
2017-07-25,33,0,0,0,0,0,0,0,23,0,42,35.5,0.0,0.0625,19,19,16,0,1,0,0,0,0,0,0,0,0
2017-07-26,31,1,0,2,0,0,0,0,29,0,57,48.14,0.0,0.0,40,40,33,0,0,0,0,0,0,0,0,0,0
2017-07-27,24,4,0,0,0,1,2,0,20,4,50,42.08,0.0417,0.0,24,24,20,1,0,0,0,0,0,0,0,0,0
2017-07-28,34,0,0,0,0,0,0,0,17,0,31,26.05,0.0,0.0,19,19,16,0,0,0,0,0,0,0,0,0,0
2017-07-29,22,0,0,0,0,0,1,0,16,0,44,36.91,0.0,0.0,7,7,6,0,0,0,0,0,0,0,0,0,0
2017-07-30,28,3,0,0,0,1,0,0,19,2,42,35.29,0.0,0.0,7,7,6,0,0,0,0,0,0,0,0,0,0
2017-07-31,23,0,0,0,0,0,0,0,11,0,30,25.28,0.0,0.0,6,6,5,0,0,0,0,0,0,0,0,0,0
2017-08-01,16,1,0,0,0,1,0,0,12,0,48,40.05,0.0,0.0,17,17,14,0,0,0,0,0,0,0,0,0,0
2017-08-02,19,0,0,0,0,0,0,0,14,0,46,38.92,0.0,0.0,12,12,10,0,0,0,0,0,0,0,0,0,0
2017-08-03,15,0,0,0,0,1,2,0,11,0,46,38.91,0.0,0.0,7,7,6,0,0,0,0,0,0,0,0,0,0
2017-08-04,28,1,0,0,0,0,0,0,18,0,40,33.38,0.0,0.0,16,16,13,0,0,0,0,0,0,0,0,0,0
2017-08-05,35,1,0,0,0,0,0,0,23,0,40,33.71,0.0,0.0,19,19,16,0,0,0,0,0,0,0,0,0,0
2017-08-06,18,0,0,0,0,0,0,0,14,0,49,40.95,0.0,0.0,18,18,15,0,0,0,0,0,0,0,0,0,0
2017-08-07,22,0,0,0,0,0,0,0,17,0,48,40.17,0.0,0.0,6,6,5,0,0,0,0,0,0,0,0,0,0
2017-08-08,23,0,0,0,0,0,0,0,23,0,60,50.64999999999999,0.0,0.0,35,35,29,0,0,0,0,0,0,0,0,0,0
2017-08-09,20,0,0,0,0,0,0,0,13,0,40,34.04,0.0,0.0,12,12,10,0,0,0,0,0,0,0,0,0,0
2017-08-10,23,0,0,0,0,0,0,0,24,0,63,53.2,0.0,0.0,36,36,30,0,0,0,0,0,0,0,0,0,0
2017-08-11,23,1,0,0,0,0,0,0,14,0,37,31.61,0.0,0.0,12,12,10,0,0,0,0,0,0,0,0,0,0
2017-08-12,11,0,0,0,0,0,0,0,5,0,31,26.46,0.0,0.0,6,6,5,0,0,0,0,0,0,0,0,0,0
2017-08-13,22,1,0,0,0,0,0,0,17,0,47,39.61,0.0,0.0,23,23,19,0,0,0,0,0,0,0,0,0,0
2017-08-14,17,0,0,0,0,1,0,0,14,0,50,42.15,0.0,0.0,21,21,17,0,0,0,0,0,0,0,0,0,0
2017-08-15,20,0,0,0,0,0,1,0,12,0,36,30.64,0.0,0.0,11,11,9,0,0,0,0,0,0,0,0,0,0
2017-08-16,16,1,0,0,0,0,0,1,15,0,57,48.09,0.0,0.0,16,16,13,0,0,0,0,0,0,0,0,0,0
2017-08-17,13,1,0,0,0,0,0,0,7,0,32,27.390000000000004,0.0,0.0,1,1,1,0,0,0,0,0,0,0,0,0,0
2017-08-18,11,1,0,0,0,0,0,0,7,0,40,33.89,0.0,0.0,6,6,5,0,0,0,0,0,0,0,0,0,0
2017-08-19,19,0,0,0,0,0,0,0,13,0,42,35.59,0.0,0.0,11,11,9,0,0,0,0,0,0,0,0,0,0
2017-08-20,14,0,0,0,0,0,0,1,12,0,53,44.18,0.0,0.0,27,27,22,0,0,0,0,0,0,0,0,0,0
2017-08-21,20,2,0,0,0,0,0,0,18,1,55,46.41,0.0,0.0,24,24,20,0,0,0,0,0,0,0,0,0,0
2017-08-22,14,0,0,1,0,0,0,0,12,0,54,45.21,0.0,0.0,1,1,1,0,0,0,0,0,0,0,0,0,0
2017-08-23,18,1,0,0,0,0,0,0,17,0,57,48.04,0.0,0.0,32,32,27,0,0,0,0,0,0,0,0,0,0
2017-08-24,16,1,0,0,0,0,0,0,12,1,47,39.33,0.0,0.0,21,21,17,0,0,0,0,0,0,0,0,0,0
2017-08-25,10,0,0,0,0,0,0,0,14,0,88,73.4,0.0625,0.0,16,16,13,1,0,0,0,0,0,0,0,0,0
2017-08-26,13,0,0,0,0,0,0,0,10,0,47,39.67,0.0,0.0,17,17,14,0,0,0,0,0,0,0,0,0,0
2017-08-27,14,0,0,0,0,0,0,0,10,0,43,36.33,0.0,0.0,11,11,9,0,0,0,0,0,0,0,0,0,0
2017-08-28,20,0,0,0,0,0,0,0,13,0,40,34.06,0.0,0.0,17,17,14,0,0,0,0,0,0,0,0,0,0
2017-08-29,34,1,0,0,0,0,0,0,29,0,51,42.73,0.0,0.0,40,40,33,0,0,0,0,0,0,0,0,0,0
2017-08-30,23,0,0,1,0,0,0,0,20,0,52,43.66,0.0,0.0,10,10,8,0,0,0,0,0,0,0,0,0,0
2017-08-31,28,1,0,0,0,0,0,0,18,0,40,33.84,0.0,0.0,21,21,17,0,0,0,0,0,0,0,0,0,0
2017-09-01,19,0,0,0,0,0,0,0,15,0,48,40.4,0.0,0.0,11,11,8,0,0,0,0,0,0,0,0,0,0
2017-09-02,15,1,1,0,0,0,1,0,14,1,56,47.41,0.0,0.0,17,17,14,0,0,0,0,0,0,0,0,0,0
2017-09-03,11,2,0,0,0,0,0,0,7,1,43,36.14,0.0,0.0,5,5,4,0,0,0,0,0,0,0,0,0,0
2017-09-04,23,0,0,0,0,0,0,0,12,0,32,27.49,0.0,0.0,11,11,9,0,0,0,0,0,0,0,0,0,0
2017-09-05,19,2,0,0,0,0,0,0,12,0,38,31.96,0.0,0.0,17,17,14,0,0,0,0,0,0,0,0,0,0
2017-09-06,30,0,0,0,0,0,0,0,22,0,45,38.13,0.0,0.0,25,25,20,0,0,0,0,0,0,0,0,0,0
2017-09-07,47,2,0,0,0,0,0,0,28,0,36,30.31,0.0,0.0,38,38,31,0,0,0,0,0,0,0,0,0,0
2017-09-08,27,2,0,0,0,0,0,0,22,0,49,41.58,0.0,0.0,31,31,26,0,0,0,0,0,0,0,0,0,0
2017-09-09,36,1,0,0,0,0,0,0,29,0,48,40.71,0.0,0.0,33,33,27,0,0,0,0,0,0,0,0,0,0
2017-09-10,59,2,0,0,0,0,0,0,37,0,38,31.81,0.0,0.0,31,31,25,0,0,0,0,0,0,0,0,0,0
2017-09-11,53,2,0,0,0,0,0,1,33,0,37,31.58,0.0256,0.0,39,39,32,1,0,0,0,0,0,0,0,0,0
2017-09-12,61,1,0,1,0,0,0,0,44,1,44,36.82,0.0,0.0,42,42,34,0,0,0,0,0,0,0,0,0,0
2017-09-13,260,9,0,3,1,1,0,0,194,5,44,37.47,0.0,0.0070999999999999995,173,173,140,0,1,0,0,0,0,0,0,0,0
2017-09-14,387,6,0,2,0,1,0,0,304,4,47,39.38,0.006500000000000001,0.004,309,309,252,2,1,0,0,0,0,0,0,0,0
2017-09-15,296,11,0,8,0,5,0,1,247,6,50,41.85,0.0096,0.011699999999999999,208,208,171,2,2,0,0,0,0,0,0,0,0
2017-09-16,243,5,0,2,0,3,4,0,201,4,49,41.48,0.0183,0.0,164,164,134,3,0,0,0,0,0,0,0,0,0
2017-09-17,199,5,0,7,1,0,0,0,177,6,53,44.53,0.021099999999999997,0.0,142,142,116,3,0,0,0,0,0,0,0,0,0
2017-09-18,166,7,1,1,1,1,0,2,143,8,51,43.1,0.0194,0.011899999999999999,103,103,84,2,1,0,0,0,0,0,0,0,0
2017-09-19,165,2,0,3,0,0,0,0,123,0,44,37.27,0.0,0.0,87,87,70,0,0,0,0,0,0,0,0,0,0
2017-09-20,126,3,0,0,0,0,0,1,94,1,45,37.66,0.0,0.05,73,73,60,0,3,0,0,0,0,0,0,0,0
2017-09-21,81,2,0,4,0,0,0,0,67,1,50,41.69,0.0175,0.0,57,57,46,1,0,0,0,0,0,0,0,0,0
2017-09-22,61,2,0,0,0,0,0,0,47,0,46,38.66,0.0,0.0,33,33,27,0,0,0,0,0,0,0,0,0,0
2017-09-23,32,0,0,0,0,1,0,0,31,0,59,49.58,0.0,0.0,16,16,13,0,0,0,0,0,0,0,0,0,0
2017-09-24,48,1,0,0,0,1,0,0,40,0,50,41.82,0.0,0.0286,43,43,35,0,1,0,0,0,0,0,0,0,0
2017-09-25,40,0,0,1,0,0,1,0,29,0,43,36.55,0.0,0.0,31,31,25,0,0,0,0,0,0,0,0,0,0
2017-09-26,36,0,0,0,0,0,0,0,25,0,42,35.28,0.0,0.0,27,27,22,0,0,0,0,0,0,0,0,0,0
2017-09-27,40,4,0,1,0,0,0,0,30,0,45,37.89,0.0526,0.0,19,19,16,1,0,0,0,0,0,0,0,0,0
2017-09-28,20,0,0,0,0,0,1,0,14,0,43,36.22,0.0,0.0,5,5,4,0,0,0,0,0,0,0,0,0,0
2017-09-29,16,0,0,0,0,0,0,0,6,0,25,21.11,0.0,0.0,0,0,0,0,0,0,0,0,0,0,0,0,0
2017-09-30,26,1,0,0,0,0,0,0,20,0,46,38.94,0.0,0.0,12,12,10,0,0,0,0,0,0,0,0,0,0
2017-10-01,33,1,0,1,0,0,0,0,26,1,47,39.85,0.0,0.0,14,14,11,0,0,0,0,0,0,0,0,0,0
2017-10-02,34,0,0,2,0,0,0,0,30,0,54,45.28,0.0,0.0,41,41,34,0,0,0,0,0,0,0,0,0,0
2017-10-03,28,0,0,0,0,0,0,0,22,0,48,40.37,0.0,0.0,30,30,25,0,0,0,0,0,0,0,0,0,0
2017-10-04,20,0,0,0,0,1,0,0,19,0,57,48.21,0.0,0.0,22,22,18,0,0,0,0,0,0,0,0,0,0
2017-10-05,18,1,0,0,0,0,0,0,14,0,49,41.34,0.0,0.0,11,11,9,0,0,0,0,0,0,0,0,0,0
2017-10-06,19,0,0,0,0,0,0,0,13,0,41,34.3,0.1429,0.16670000000000001,7,7,6,1,1,0,0,0,0,0,0,0,0
2017-10-07,23,1,0,0,0,0,0,0,17,0,45,37.87,0.0,0.0,18,18,14,0,0,0,0,0,0,0,0,0,0
2017-10-08,18,0,0,0,0,0,0,0,18,0,60,50.23,0.0,0.0,23,23,19,0,0,0,0,0,0,0,0,0,0
2017-10-09,29,2,0,-1,0,0,1,0,24,2,49,41.56,0.0,0.0,7,7,6,0,0,0,0,0,0,0,0,0,0
2017-10-10,10,0,0,0,0,0,0,0,9,0,58,48.78,0.0,0.0,12,12,10,0,0,0,0,0,0,0,0,0,0
2017-10-11,21,0,0,0,0,0,0,0,14,0,41,34.69,0.0,0.0,5,5,4,0,0,0,0,0,0,0,0,0,0
2017-10-12,9,1,0,0,0,0,0,0,6,0,45,38.21,0.0,0.2,6,6,5,0,1,0,0,0,0,0,0,0,0
2017-10-13,13,1,0,0,0,0,0,0,5,0,25,21.39,0.0,0.0,0,0,0,0,0,0,0,0,0,0,0,0,0
2017-10-14,20,0,0,0,0,0,0,0,17,0,51,42.88,0.0,0.0,22,22,18,0,0,0,0,0,0,0,0,0,0
2017-10-15,19,0,0,0,0,0,0,0,10,0,33,28.23,0.0,0.0,5,5,4,0,0,0,0,0,0,0,0,0,0
2017-10-16,24,0,0,0,0,0,0,0,18,0,46,38.56,0.0,0.0,18,18,15,0,0,0,0,0,0,0,0,0,0
2017-10-17,15,1,0,0,0,0,0,0,13,1,53,44.64,0.1,0.0,10,10,8,1,0,0,0,0,0,0,0,0,0
2017-10-18,17,0,0,0,0,0,0,0,9,0,32,26.780000000000005,0.0833,0.0,12,12,10,1,0,0,0,0,0,0,0,0,0
2017-10-19,14,0,0,0,0,0,0,0,10,0,47,39.22,0.0,0.0,6,6,5,0,0,0,0,0,0,0,0,0,0
2017-10-20,24,0,0,0,0,0,0,0,19,0,49,40.87,0.0,0.0,27,27,22,0,0,0,0,0,0,0,0,0,0
2017-10-21,22,0,0,1,0,0,0,0,16,0,44,37.31,0.0,0.0,20,20,17,0,0,0,0,0,0,0,0,0,0
2017-10-22,20,0,0,0,0,0,0,0,14,0,42,35.23,0.0,0.0,23,23,19,0,0,0,0,0,0,0,0,0,0
2017-10-23,18,2,0,0,0,0,0,0,14,0,49,40.95,0.0,0.0,28,28,23,0,0,0,0,0,0,0,0,0,0
2017-10-24,22,0,0,0,0,0,0,0,14,0,39,33.23,0.0,0.0,17,17,14,0,0,0,0,0,0,0,0,0,0
2017-10-25,20,0,0,0,0,0,0,0,12,0,36,30.72,0.0,0.0,12,12,10,0,0,0,0,0,0,0,0,0,0
2017-10-26,15,0,0,-1,0,0,0,0,13,0,52,43.85,0.0,0.11109999999999999,11,11,9,0,1,0,0,0,0,0,0,0,0
2017-10-27,8,0,0,0,0,0,0,0,7,0,54,45.57,0.0,0.0,11,11,9,0,0,0,0,0,0,0,0,0,0
2017-10-28,14,0,0,0,0,0,0,0,14,0,63,52.52,0.0,0.0,18,18,15,0,0,0,0,0,0,0,0,0,0
2017-10-29,17,0,0,0,0,0,0,0,8,0,30,25.480000000000004,0.0,0.0,6,6,5,0,0,0,0,0,0,0,0,0,0
2017-10-30,9,0,0,1,0,0,0,0,8,0,55,46.48,0.0,0.0,12,12,10,0,0,0,0,0,0,0,0,0,0
2017-10-31,9,0,0,0,0,0,0,0,4,0,28,23.37,0.25,0.0,4,4,3,1,0,0,0,0,0,0,0,0,0
2017-11-01,21,0,0,0,0,0,0,0,14,0,41,34.68,0.0,0.0,21,21,17,0,0,0,0,0,0,0,0,0,0
2017-11-02,17,1,0,0,0,0,0,0,11,1,39,32.65,0.0,0.0,2,2,2,0,0,0,0,0,0,0,0,0,0
2017-11-03,12,1,0,1,0,0,0,0,14,1,73,61.03999999999999,0.0,0.0,19,19,15,0,0,0,0,0,0,0,0,0,0
2017-11-04,20,1,0,0,0,0,0,0,21,2,63,52.800000000000004,0.0,0.0,30,30,25,0,0,0,0,0,0,0,0,0,0
2017-11-05,17,0,0,0,0,0,0,0,14,0,51,43.22,0.0,0.0,21,21,17,0,0,0,0,0,0,0,0,0,0
2017-11-06,17,0,0,0,0,1,0,0,12,0,44,37.43,0.0,0.0,7,7,6,0,0,0,0,0,0,0,0,0,0
2017-11-07,25,0,0,1,0,0,0,0,23,0,56,47.13,0.0,0.0,30,30,25,0,0,0,0,0,0,0,0,0,0
2017-11-08,32,2,0,0,0,0,0,0,16,2,30,25.5,0.0,0.0,11,11,9,0,0,0,0,0,0,0,0,0,0
2017-11-09,16,0,0,0,0,0,0,0,12,0,45,37.94,0.0,0.0,11,11,9,0,0,0,0,0,0,0,0,0,0
2017-11-10,18,0,0,0,0,0,0,0,12,0,40,33.55,0.0,0.0,11,11,9,0,0,0,0,0,0,0,0,0,0
2017-11-11,35,0,0,0,0,0,0,0,26,0,45,37.71,0.0,0.0,23,23,19,0,0,0,0,0,0,0,0,0,0
2017-11-12,26,1,0,0,0,0,0,0,21,1,49,41.2,0.0,0.0667,18,18,15,0,1,0,0,0,0,0,0,1,0
2017-11-13,18,0,0,0,0,0,0,0,10,0,36,30.020000000000003,0.0588,0.0,17,17,14,1,0,0,0,0,0,0,0,0,0
2017-11-14,29,1,0,0,0,0,0,0,21,1,45,37.92,0.0,0.0,33,33,27,0,0,0,0,0,0,0,0,0,0
2017-11-15,12,1,0,0,0,0,0,0,11,0,58,48.83,0.0,0.0,18,18,15,0,0,0,0,0,0,0,0,1,0
2017-11-16,14,0,0,0,0,0,0,0,14,0,63,52.95000000000001,0.0,0.0,24,24,20,0,0,0,0,0,0,0,0,0,0
2017-11-17,8,0,0,0,0,0,0,0,4,0,37,30.959999999999997,0.0,0.0,5,5,4,0,0,0,0,0,0,0,0,0,0
2017-11-18,23,0,0,1,0,0,0,0,15,0,39,32.65,0.0,0.0,6,6,5,0,0,0,0,0,0,0,0,0,0
2017-11-19,17,0,0,0,0,0,0,0,10,0,36,30.59,0.0,0.0,6,6,5,0,0,0,0,0,0,0,0,0,0
2017-11-20,26,1,0,0,0,0,0,0,20,1,47,39.44,0.0,0.0,17,17,14,0,0,0,0,0,0,0,0,1,0
2017-11-21,29,1,0,1,0,0,0,0,24,1,49,41.65,0.0,0.0,5,5,4,0,0,0,0,0,0,0,0,2,0
2017-11-22,14,0,0,0,0,0,0,0,10,0,46,38.67,0.0,0.0,12,12,10,0,0,0,0,0,0,0,0,0,0
2017-11-23,11,0,0,0,0,0,0,0,8,0,46,38.53,0.0,0.0,0,0,0,0,0,0,0,0,0,0,0,0,0
2017-11-24,23,0,0,0,0,0,0,0,15,0,39,33.19,0.0,0.0,6,6,5,0,0,0,0,0,0,0,0,0,0
2017-11-25,9,0,0,0,0,0,0,0,8,0,59,49.25,0.0,0.11109999999999999,11,11,9,0,1,0,0,0,0,0,0,0,0
2017-11-26,19,0,0,0,0,0,0,0,11,0,36,30.75,0.0,0.0,10,10,8,0,0,0,0,0,0,0,0,0,0
2017-11-27,10,1,0,0,0,0,0,0,5,0,32,26.88,0.0,0.0,1,1,1,0,0,0,0,0,0,0,0,0,0
2017-11-28,17,0,0,0,0,0,0,0,10,0,38,32.31,0.0,0.0,5,5,4,0,0,0,0,0,0,0,0,1,0
2017-11-29,20,0,0,0,0,1,0,0,14,0,44,37.46,0.0,0.0,17,17,14,0,0,0,0,0,0,0,0,0,0
2017-11-30,33,0,0,0,0,1,0,0,21,0,39,32.6,0.0,0.0,12,12,10,0,0,0,0,0,0,0,0,0,0
2017-12-01,20,0,0,0,0,0,0,0,15,0,47,39.33,0.0,0.0,26,26,21,0,0,0,0,0,0,0,0,0,0
2017-12-02,28,1,0,0,0,0,0,0,17,0,38,32.13,0.0,0.0,23,23,19,0,0,0,0,0,0,0,0,0,0
2017-12-03,26,0,0,1,0,0,0,0,19,0,44,36.76,0.0,0.0,18,18,15,0,0,0,0,0,0,0,0,0,0
2017-12-04,22,0,0,0,0,0,0,0,17,0,46,38.66,0.0,0.1,12,12,10,0,1,0,0,0,0,0,0,0,0
2017-12-05,26,1,0,1,0,0,0,0,13,1,30,25.53,0.0,0.0,5,5,4,0,0,0,0,0,0,0,0,0,0
2017-12-06,25,0,0,0,0,0,0,0,17,0,42,35.22,0.0,0.0,14,14,11,0,0,0,0,0,0,0,0,0,0
2017-12-07,28,1,0,1,0,1,0,0,20,0,44,37.23,0.0,0.0,6,6,5,0,0,0,0,0,0,0,0,0,0
2017-12-08,26,0,0,0,0,0,0,0,16,0,38,32.3,0.0,0.0,6,6,5,0,0,0,0,0,0,0,0,0,0
2017-12-09,23,1,0,0,0,0,0,0,22,0,57,48.07,0.0,0.0,14,14,12,0,0,0,0,0,0,0,0,0,0
2017-12-10,21,0,0,1,0,0,0,0,17,0,49,41.09,0.0556,0.0667,18,18,15,1,1,0,0,0,0,0,0,1,0
2017-12-11,18,1,0,0,0,0,0,0,12,0,41,34.67,1.0,0.0,1,1,1,1,0,0,0,0,0,0,0,0,0
2017-12-12,25,0,0,0,0,0,0,0,19,0,46,38.45,0.0,0.0,10,10,9,0,0,0,0,0,0,0,0,0,0
2017-12-13,22,2,0,1,0,0,0,0,13,0,36,30.19,0.0,0.0,11,11,9,0,0,0,0,0,0,0,0,1,0
2017-12-14,27,2,0,0,0,0,0,0,17,2,38,32.26,0.0,0.0,16,16,13,0,0,0,0,0,0,0,0,1,0
2017-12-15,33,0,0,0,0,0,0,0,33,0,61,51.1,0.0189,0.0,53,53,43,1,0,0,0,0,0,0,0,0,0
2017-12-16,37,0,1,0,0,0,0,1,31,0,50,42.26,0.0,0.0,17,17,14,0,0,0,0,0,0,0,0,0,0
2017-12-17,23,0,0,0,1,1,0,0,14,0,38,32.39,0.0,0.0,15,15,12,0,0,0,0,0,0,0,0,0,0
2017-12-18,18,0,0,0,0,0,0,0,13,0,44,36.84,0.0,0.0,12,12,9,0,0,0,0,0,0,0,0,0,0
2017-12-19,21,2,0,0,0,0,0,0,12,0,36,30.79,0.0,0.0,10,10,8,0,0,0,0,0,0,0,0,0,0
2017-12-20,22,1,0,0,0,0,0,0,16,0,43,36.5,0.0,0.0,15,15,12,0,0,0,0,0,0,0,0,0,0
2017-12-21,11,2,0,0,0,0,0,0,5,0,29,24.38,0.0,0.0,5,5,4,0,0,0,0,0,0,0,0,0,0
2017-12-22,13,2,0,1,0,1,0,0,8,0,37,30.92,0.0,0.0,0,0,0,0,0,0,0,0,0,0,0,1,0
2017-12-23,9,0,0,0,0,0,0,0,6,0,46,38.62,0.0,0.0,5,5,4,0,0,0,0,0,0,0,0,0,0
2017-12-26,2,0,0,0,0,0,0,0,2,0,80,67.15,0.0,0.0,5,5,4,0,0,0,0,0,0,0,0,0,0
2017-12-27,2,0,0,0,0,0,0,0,0,0,27,22.73,0.0,0.0,0,0,0,0,0,0,0,0,0,0,0,0,0
2017-12-29,1,0,0,0,0,0,0,0,1,0,92,77.18,0.0,0.0,0,0,0,0,0,0,0,0,0,0,0,0,0
2017-12-30,2,0,0,0,0,0,0,0,2,0,61,51.11,0.0,0.0,0,0,0,0,0,0,0,0,0,0,0,0,0
2017-12-31,2,0,0,0,0,0,0,0,3,0,119,99.48,0.0,0.0,0,0,0,0,0,0,0,0,0,0,0,0,0
2018-01-01,1,1,0,0,0,0,0,0,1,1,119,99.17,0.0,0.0,0,0,0,0,0,0,0,0,0,0,0,0,0
2018-01-02,2,0,0,0,0,0,0,0,1,0,34,28.79,0.0,0.0,0,0,0,0,0,0,0,0,0,0,0,0,0
2018-01-06,4,0,0,0,0,0,0,0,4,0,61,51.580000000000005,0.1,0.0,10,10,8,1,0,0,0,0,0,0,0,0,0
2018-01-08,2,0,0,0,0,0,0,0,3,0,97,81.32,0.0,0.0,0,0,0,0,0,0,0,0,0,0,0,0,0
2018-01-09,3,0,0,0,0,0,0,0,1,0,24,20.77,0.0,0.0,0,0,0,0,0,0,0,0,0,0,0,0,0
2018-01-10,2,0,0,0,0,0,0,0,0,0,1,1.29,0.0,0.0,0,0,0,0,0,0,0,0,0,0,0,0,0
2018-01-12,1,0,0,0,0,0,0,0,0,0,57,47.5,0.0,0.0,0,0,0,0,0,0,0,0,0,0,0,0,0
2018-01-13,1,0,0,0,0,0,0,0,0,0,1,0.96,0.0,0.0,0,0,0,0,0,0,0,0,0,0,0,0,0
2018-01-14,1,0,0,0,0,0,0,0,1,0,110,91.8,0.0,0.0,5,5,4,0,0,0,0,0,0,0,0,0,0
2018-01-15,1,0,0,0,0,0,0,0,0,0,7,6.2,0.0,0.0,0,0,0,0,0,0,0,0,0,0,0,0,0
2018-01-17,2,0,0,0,0,0,0,0,3,0,96,80.33,0.0,0.0,5,5,4,0,0,0,0,0,0,0,0,0,0
2018-01-18,4,0,0,0,0,0,0,0,6,0,91,75.85,0.0,0.0,6,6,5,0,0,0,0,0,0,0,0,0,0
2018-01-19,2,0,0,0,0,0,0,0,1,0,51,43.11,0.0,0.0,0,0,0,0,0,0,0,0,0,0,0,0,0
2018-01-21,1,0,0,0,0,0,0,0,1,0,119,99.17,0.0,0.0,0,0,0,0,0,0,0,0,0,0,0,0,0
2018-01-22,2,0,0,0,0,0,0,0,0,0,17,14.6,0.0,0.0,0,0,0,0,0,0,0,0,0,0,0,0,0
2018-01-23,2,0,0,0,0,2,1,1,0,0,2,1.71,0.0,0.0,0,0,0,0,0,0,0,0,0,0,0,0,0
2018-01-25,1,0,0,0,0,0,0,0,1,0,87,73.0,0.0,0.0,0,0,0,0,0,0,0,0,0,0,0,0,0
2018-01-27,1,0,0,1,0,0,0,0,2,0,121,101.1,0.0,0.0,6,6,5,0,0,0,0,0,0,0,0,0,0
2018-01-28,1,0,0,0,0,0,0,0,0,0,4,3.47,0.0,0.0,0,0,0,0,0,0,0,0,0,0,0,0,0
2018-01-29,3,0,0,0,0,0,0,0,4,0,82,69.17,0.0,0.0,5,5,4,0,0,0,0,0,0,0,0,0,0
2018-01-30,6,0,0,0,0,0,0,0,10,0,100,83.54,0.0526,0.0,19,19,15,1,0,0,0,0,0,0,0,0,0
2018-01-31,7,0,0,0,0,0,0,0,9,0,81,67.96,0.0,0.0,20,20,16,0,0,0,0,0,0,0,0,0,0
2018-02-01,7,1,0,0,0,1,1,0,7,1,68,56.74,0.0,0.0,11,11,9,0,0,0,0,0,0,0,0,0,0
2018-02-02,5,0,0,0,0,0,0,0,6,0,77,64.92,0.0,0.0,12,12,9,0,0,0,0,0,0,0,0,0,0
2018-02-03,5,0,0,1,0,0,0,0,5,0,67,56.60000000000001,0.0,0.0,0,0,0,0,0,0,0,0,0,0,0,0,0
2018-02-04,3,0,0,0,0,0,0,0,4,0,92,77.03,0.0,0.0,0,0,0,0,0,0,0,0,0,0,0,0,0
2018-02-05,3,0,1,0,0,0,0,0,5,0,114,95.36,0.0,0.0,2,2,1,0,0,0,0,0,0,0,0,0,0
2018-02-06,4,0,0,0,0,0,0,0,6,0,98,82.27,0.0,0.0,5,5,4,0,0,0,0,0,0,0,0,0,0
2018-02-07,4,2,0,0,0,0,0,0,3,2,45,38.13,0.0,0.0,10,10,8,0,0,0,0,0,0,0,0,0,0
2018-02-08,4,0,0,0,0,0,0,0,3,0,58,48.62,0.0,0.0,0,0,0,0,0,0,0,0,0,0,0,0,0
2018-02-09,4,0,0,0,0,0,0,0,3,0,47,39.6,0.0,0.0,0,0,0,0,0,0,0,0,0,0,0,0,0
2018-02-10,1,1,0,0,0,0,0,0,1,1,116,97.24,0.0,0.0,5,5,4,0,0,0,0,0,0,0,0,0,0
2018-02-11,1,0,0,0,0,0,0,0,0,0,4,4.08,0.0,0.0,0,0,0,0,0,0,0,0,0,0,0,0,0
2018-02-12,2,0,0,0,0,0,0,0,1,0,36,30.329999999999995,0.0,0.0,0,0,0,0,0,0,0,0,0,0,0,0,0
2018-02-13,1,0,0,0,0,0,0,0,1,0,110,91.75,0.0,0.0,0,0,0,0,0,0,0,0,0,0,0,0,0
2018-02-14,2,0,0,1,0,0,1,0,2,0,61,51.41,0.0,0.0,5,5,4,0,0,0,0,0,0,0,0,0,0
2018-02-17,1,0,0,0,0,0,0,0,0,0,52,43.69,0.0,0.0,0,0,0,0,0,0,0,0,0,0,0,0,0
2018-02-18,1,0,0,0,0,0,0,0,1,0,104,86.67,0.0,0.0,0,0,0,0,0,0,0,0,0,0,0,1,0
2018-02-19,1,0,0,0,0,0,0,0,1,0,112,93.43,0.0,0.0,0,0,0,0,0,0,0,0,0,0,0,0,0
2018-02-20,1,0,0,0,0,0,0,0,1,0,111,93.09,0.0,0.0,0,0,0,0,0,0,0,0,0,0,0,0,0
2018-02-21,1,0,0,0,0,0,0,0,0,0,38,31.85,0.0,0.0,0,0,0,0,0,0,0,0,0,0,0,0,0
2018-02-22,3,0,0,0,0,0,0,0,4,0,84,70.22,0.0,0.0,10,10,8,0,0,0,0,0,0,0,0,0,0
2018-02-23,2,0,0,0,0,0,0,0,1,0,55,46.07,0.0,0.0,1,1,1,0,0,0,0,0,0,0,0,0,0
2018-02-24,4,0,0,0,0,0,0,0,4,0,66,55.14,0.0,0.0,8,8,7,0,0,0,0,0,0,0,0,0,0
2018-02-25,7,0,0,0,0,0,0,0,6,0,59,49.78,0.0,0.0,0,0,0,0,0,0,0,0,0,0,0,0,0
2018-02-26,2,0,0,1,0,0,0,0,3,0,111,92.99,0.0,0.0,5,5,4,0,0,0,0,0,0,0,0,0,0
2018-02-27,2,0,0,0,0,0,0,0,1,0,59,50.0,0.0,0.0,0,0,0,0,0,0,0,0,0,0,0,0,0
2018-02-28,1,0,0,0,0,0,0,0,1,0,119,99.48,0.0,0.0,0,0,0,0,0,0,0,0,0,0,0,0,0
2018-03-01,1,0,0,0,0,0,0,0,0,0,17,14.17,0.0,0.0,0,0,0,0,0,0,0,0,0,0,0,0,0
2018-03-02,4,0,0,1,0,0,0,0,4,0,64,53.5,0.0,0.0,5,5,4,0,0,0,0,0,0,0,0,0,0
2018-03-03,2,0,0,0,0,0,0,0,1,0,30,25.71,0.0,0.0,0,0,0,0,0,0,0,0,0,0,0,0,0
2018-03-04,3,0,0,0,0,0,0,0,4,0,86,71.8,0.0,0.0,0,0,0,0,0,0,0,0,0,0,0,0,0
2018-03-06,2,0,0,0,0,0,0,0,0,0,21,17.51,0.0,0.0,0,0,0,0,0,0,0,0,0,0,0,0,0
2018-03-08,2,0,0,1,0,0,0,0,3,0,115,96.51,0.2,0.0,5,5,4,1,0,0,0,0,0,0,0,2,0
2018-03-09,3,0,0,0,0,0,0,0,2,0,48,40.38,0.0,0.0,1,1,1,0,0,0,0,0,0,0,0,0,0
2018-03-12,4,0,0,0,0,0,0,0,6,0,91,76.63,0.0,0.0,5,5,4,0,0,0,0,0,0,0,0,0,0
2018-03-14,2,0,0,0,0,0,0,0,2,0,73,61.480000000000004,0.0,0.0,5,5,4,0,0,0,0,0,0,0,0,0,0
2018-03-16,2,0,0,0,0,0,0,0,1,0,57,48.29,0.2,0.0,5,5,4,1,0,0,0,0,0,0,0,0,0
2018-03-19,1,0,0,0,0,0,0,0,2,0,126,105.52999999999999,0.0,0.0,0,0,0,0,0,0,0,0,0,0,0,0,0
2018-03-20,2,0,0,0,0,0,0,0,2,0,74,61.7,0.0,0.0,5,5,4,0,0,0,0,0,0,0,0,0,0
2018-03-21,1,0,0,0,0,0,0,0,1,0,119,99.48,0.0,0.0,0,0,0,0,0,0,0,0,0,0,0,0,0
2018-03-22,1,0,0,0,0,0,0,0,1,0,61,51.11,0.0,0.0,4,4,3,0,0,0,0,0,0,0,0,0,0
2018-03-24,2,0,0,0,0,0,0,0,3,0,105,88.0,0.0,0.0,6,6,5,0,0,0,0,0,0,0,0,0,0
2018-03-25,5,0,0,0,0,0,0,0,4,0,59,49.68,0.0,0.0,5,5,4,0,0,0,0,0,0,0,0,0,0
2018-03-26,3,0,0,0,0,0,0,0,4,0,82,69.1,0.0,0.0,10,10,8,0,0,0,0,0,0,0,0,1,0
2018-03-27,1,0,0,0,0,0,0,0,0,0,15,13.0,0.0,0.0,0,0,0,0,0,0,0,0,0,0,0,0,0
2018-03-28,3,0,0,0,0,0,0,0,5,0,119,99.37,0.0,0.0,5,5,4,0,0,0,0,0,0,0,0,0,0
2018-03-29,1,0,0,0,0,0,0,0,1,0,93,78.12,0.0,0.0,1,1,1,0,0,0,0,0,0,0,0,0,0
2018-03-30,1,0,0,0,0,0,0,0,0,0,2,2.07,0.0,0.0,0,0,0,0,0,0,0,0,0,0,0,0,0
2018-03-31,3,0,0,0,0,0,0,0,1,0,33,27.99,0.0,0.0,0,0,0,0,0,0,0,0,0,0,0,0,0
2018-04-01,3,0,0,0,0,0,0,0,4,0,86,72.35,0.0,0.0,0,0,0,0,0,0,0,0,0,0,0,0,0
2018-04-02,2,0,0,0,0,0,0,0,1,0,56,47.32,0.0,0.0,0,0,0,0,0,0,0,0,0,0,0,0,0
2018-04-04,1,0,0,0,0,0,0,0,2,0,149,124.96000000000001,0.0,0.0,0,0,0,0,0,0,0,0,0,0,0,0,0
2018-04-05,1,0,0,0,0,0,0,0,0,0,21,18.11,0.0,0.0,0,0,0,0,0,0,0,0,0,0,0,1,0
2018-04-06,2,0,0,0,0,0,0,0,2,0,60,50.46000000000001,0.0,0.0,5,5,4,0,0,0,0,0,0,0,0,0,0
2018-04-07,3,0,0,0,0,1,0,0,3,0,65,54.339999999999996,0.0,0.0,0,0,0,0,0,0,0,0,0,0,0,0,0
2018-04-08,1,0,0,0,0,0,1,0,0,0,16,13.76,0.0,0.0,0,0,0,0,0,0,0,0,0,0,0,0,0
2018-04-09,3,0,0,1,0,0,0,0,2,0,47,39.35,0.0,0.0,0,0,0,0,0,0,0,0,0,0,0,0,0
2018-04-10,1,0,0,0,0,0,0,0,0,0,3,3.2199999999999998,0.0,0.0,0,0,0,0,0,0,0,0,0,0,0,0,0
2018-04-12,1,0,0,0,0,0,0,0,0,0,8,7.17,0.0,0.0,0,0,0,0,0,0,0,0,0,0,0,0,0
2018-04-14,1,0,0,0,0,0,0,0,0,0,39,32.58,0.0,0.0,0,0,0,0,0,0,0,0,0,0,0,0,0
2018-04-15,1,0,0,0,0,0,0,0,1,0,119,99.48,0.0,0.0,0,0,0,0,0,0,0,0,0,0,0,0,0
2018-04-16,2,0,0,0,0,1,0,0,3,0,110,91.71,0.0,0.0,0,0,0,0,0,0,0,0,0,0,0,0,0
2018-04-17,1,0,0,0,0,0,0,0,1,0,119,99.48,0.0,0.0,0,0,0,0,0,0,0,0,0,0,0,0,0
2018-04-18,1,0,0,0,0,0,0,0,1,0,74,62.18,0.0,0.0,1,1,1,0,0,0,0,0,0,0,0,0,0
2018-04-19,2,0,0,0,0,0,0,0,1,0,53,44.86,0.0,0.0,0,0,0,0,0,0,0,0,0,0,0,0,0
2018-04-20,2,0,0,0,0,0,0,0,2,0,64,53.83,0.0,0.0,5,5,4,0,0,0,0,0,0,0,0,0,0
2018-04-21,0,0,0,0,0,0,1,0,0,0,0,0.0,0.0,0.0,0,0,0,0,0,0,0,0,0,0,0,0,0
2018-04-22,1,0,0,0,0,0,0,0,0,0,22,19.08,0.0,0.0,0,0,0,0,0,0,0,0,0,0,0,0,0
2018-04-23,0,0,0,0,0,0,1,0,0,0,0,0.0,0.0,0.0,0,0,0,0,0,0,0,0,0,0,0,0,0
2018-04-24,2,0,0,0,0,0,0,0,2,0,66,55.63,0.0,0.0,5,5,4,0,0,0,0,0,0,0,0,0,0
2018-04-25,2,0,0,0,0,0,0,0,3,0,119,99.48,0.0,0.0,10,10,8,0,0,0,0,0,0,0,0,0,0
2018-04-26,5,1,0,0,0,0,0,0,4,1,50,42.14,0.0,0.0,0,0,0,0,0,0,0,0,0,0,0,0,0
2018-04-27,1,0,0,0,0,0,0,0,1,0,119,99.48,0.0,0.0,5,5,4,0,0,0,0,0,0,0,0,0,0
2018-04-28,6,0,0,1,0,0,0,0,4,0,42,35.49,0.0,0.0,0,0,0,0,0,0,0,0,0,0,0,1,0
2018-04-30,5,0,0,1,0,0,0,0,6,0,82,68.83,0.0,0.0,10,10,8,0,0,0,0,0,0,0,0,0,0
2018-05-01,1,0,0,0,0,0,0,0,0,0,9,8.28,0.0,0.0,0,0,0,0,0,0,0,0,0,0,0,0,0
2018-05-03,1,0,0,0,0,0,0,0,1,0,119,99.48,0.0,0.0,5,5,4,0,0,0,0,0,0,0,0,0,0
2018-05-05,2,0,0,1,0,0,0,0,2,0,63,52.92,0.0,0.0,0,0,0,0,0,0,0,0,0,0,0,0,0
2018-05-08,4,1,0,0,0,0,0,0,5,1,86,72.38,0.0,0.0,0,0,0,0,0,0,0,0,0,0,0,0,0
2018-05-09,3,0,0,0,0,0,0,0,0,0,3,2.65,0.0,0.0,0,0,0,0,0,0,0,0,0,0,0,0,0
2018-05-10,1,0,0,0,0,0,0,0,0,0,24,20.77,0.0,0.0,0,0,0,0,0,0,0,0,0,0,0,0,0
2018-05-11,2,0,0,0,0,0,0,0,2,0,67,56.42,0.0,0.0,5,5,4,0,0,0,0,0,0,0,0,0,0
2018-05-12,1,0,0,0,0,0,0,0,0,0,50,41.75,0.0,0.0,0,0,0,0,0,0,0,0,0,0,0,0,0
2018-05-14,0,0,0,0,0,0,1,0,0,0,0,0.0,0.0,0.0,0,0,0,0,0,0,0,0,0,0,0,0,0
2018-05-15,1,0,0,0,0,0,0,0,0,0,18,15.810000000000002,0.0,0.0,2,2,1,0,0,0,0,0,0,0,0,0,0
2018-05-16,1,0,0,0,0,0,0,0,1,0,73,61.62,0.0,0.0,0,0,0,0,0,0,0,0,0,0,0,0,0
2018-05-17,2,0,0,0,0,1,0,0,0,0,20,17.29,0.0,0.0,0,0,0,0,0,0,0,0,0,0,0,0,0
2018-05-18,3,0,0,0,0,0,1,0,3,0,61,51.11,0.0,0.0,0,0,0,0,0,0,0,0,0,0,0,0,0
2018-05-19,6,0,0,0,0,0,0,0,5,0,59,49.43,0.0,0.0,0,0,0,0,0,0,0,0,0,0,0,0,0
2018-05-27,2,0,0,0,0,0,0,0,1,0,32,27.200000000000003,0.0,0.0,0,0,0,0,0,0,0,0,0,0,0,0,0
2018-05-28,4,0,0,0,0,0,0,0,5,0,82,68.66,0.0,0.0,0,0,0,0,0,0,0,0,0,0,0,0,0
2018-05-30,3,0,0,1,0,0,0,0,3,0,72,60.34,0.0,0.0,6,6,5,0,0,0,0,0,0,0,0,0,0
2018-05-31,1,0,0,0,0,0,0,0,1,0,119,99.48,0.0,0.0,5,5,4,0,0,0,0,0,0,0,0,0,0
2018-06-02,3,0,0,0,0,0,0,0,4,0,80,67.43,0.0,0.0,0,0,0,0,0,0,0,0,0,0,0,0,0
2018-06-06,2,0,0,0,0,0,0,0,2,0,82,68.74,0.0,0.0,0,0,0,0,0,0,0,0,0,0,0,0,0
2018-06-08,0,0,0,0,0,1,0,0,0,0,0,0.0,0.0,0.0,0,0,0,0,0,0,0,0,0,0,0,0,0
2018-06-09,3,0,0,0,0,0,0,0,2,0,52,43.79,0.0,0.0,0,0,0,0,0,0,0,0,0,0,0,0,0
2018-06-12,1,0,0,0,0,0,0,0,1,0,77,64.83,0.0,0.0,0,0,0,0,0,0,0,0,0,0,0,0,0
2018-06-13,1,0,0,0,0,0,0,0,1,0,73,61.370000000000005,0.0,0.0,0,0,0,0,0,0,0,0,0,0,0,0,0
2018-06-17,2,0,0,0,0,0,0,0,1,0,48,40.38,0.0,0.0,0,0,0,0,0,0,0,0,0,0,0,0,0
2018-06-18,4,0,0,0,0,0,0,0,4,0,60,50.49,0.0,0.0,0,0,0,0,0,0,0,0,0,0,0,0,0
2018-06-21,0,0,0,1,0,0,0,0,0,0,0,0.0,0.0,0.0,0,0,0,0,0,0,0,0,0,0,0,0,0
2018-06-23,2,0,0,0,0,0,0,0,1,0,58,49.13,0.0,0.0,0,0,0,0,0,0,0,0,0,0,0,0,0
2018-06-26,1,0,0,0,0,0,0,0,0,0,13,11.58,0.0,0.0,0,0,0,0,0,0,0,0,0,0,0,0,0
2018-06-27,2,0,0,0,0,0,0,0,2,0,60,50.519999999999996,0.0,0.0,0,0,0,0,0,0,0,0,0,0,0,0,0
2018-06-29,1,0,0,0,0,0,0,0,1,0,79,66.15,0.0,0.0,0,0,0,0,0,0,0,0,0,0,0,0,0
2018-06-30,1,0,0,0,0,0,0,0,0,0,33,27.55,0.0,0.0,0,0,0,0,0,0,0,0,0,0,0,0,0
2018-07-01,2,0,0,0,0,0,0,0,1,0,55,46.57,0.0,0.0,0,0,0,0,0,0,0,0,0,0,0,0,0
2018-07-04,2,0,0,0,0,0,0,0,1,0,49,41.34,0.0,0.0,1,1,1,0,0,0,0,0,0,0,0,0,0
2018-07-05,1,0,0,0,0,0,0,0,0,0,18,15.229999999999999,0.0,0.0,0,0,0,0,0,0,0,0,0,0,0,0,0
2018-07-06,5,0,0,0,0,0,0,0,2,0,32,26.74,0.0,0.0,0,0,0,0,0,0,0,0,0,0,0,0,0
2018-07-07,2,0,0,0,0,0,0,0,0,0,5,4.4,0.0,0.0,0,0,0,0,0,0,0,0,0,0,0,0,0
2018-07-09,1,0,0,0,0,0,0,0,0,0,21,18.06,0.0,0.0,5,5,4,0,0,0,0,0,0,0,0,0,0
2018-07-11,1,0,0,0,0,0,0,0,1,0,69,58.269999999999996,0.0,0.0,0,0,0,0,0,0,0,0,0,0,0,0,0
2018-07-12,3,0,0,1,0,0,0,0,2,0,49,41.29,0.0,0.0,5,5,4,0,0,0,0,0,0,0,0,0,0
2018-07-14,2,0,0,0,0,0,0,0,2,0,63,52.67000000000001,0.0,0.0,1,1,1,0,0,0,0,0,0,0,0,0,0
2018-07-15,2,0,0,0,0,0,0,0,3,0,105,87.82,0.0,0.0,1,1,1,0,0,0,0,0,0,0,0,0,0
2018-07-18,1,0,0,0,0,0,0,0,1,0,119,99.48,0.0,0.0,5,5,4,0,0,0,0,0,0,0,0,0,0
2018-07-20,1,0,0,0,0,0,0,0,0,0,11,9.86,0.0,0.0,0,0,0,0,0,0,0,0,0,0,0,0,0
2018-07-21,1,0,0,0,0,0,0,0,0,0,1,1.58,0.0,0.0,0,0,0,0,0,0,0,0,0,0,0,0,0
2018-07-22,1,0,0,0,0,0,0,0,0,0,56,46.67,0.0,0.0,0,0,0,0,0,0,0,0,0,0,0,0,0
2018-07-23,1,0,0,0,0,0,0,0,1,0,119,99.48,0.0,0.0,5,5,4,0,0,0,0,0,0,0,0,0,0
2018-07-25,1,0,0,1,0,0,0,0,0,0,40,33.69,0.0,0.0,0,0,0,0,0,0,0,0,0,0,0,0,0
2018-07-26,1,0,0,0,0,0,0,0,1,0,111,92.57,0.0,0.0,5,5,4,0,0,0,0,0,0,0,0,0,0
2018-07-28,2,0,0,0,0,0,0,0,1,0,36,30.12,0.0,0.0,0,0,0,0,0,0,0,0,0,0,0,0,0
2018-07-31,2,0,0,0,0,1,0,1,2,0,85,71.28,0.0,0.0,5,5,4,0,0,0,0,0,0,0,0,0,0
2018-08-01,2,0,0,0,0,0,0,0,1,0,59,49.58,0.0,0.0,0,0,0,0,0,0,0,0,0,0,0,1,0
2018-08-03,1,0,0,0,0,1,0,0,1,0,119,99.42,0.0,0.0,0,0,0,0,0,0,0,0,0,0,0,0,0
2018-08-04,2,0,0,0,0,1,1,0,3,0,101,84.17,0.0,0.0,6,6,4,0,0,0,0,0,0,0,0,0,0
2018-08-05,4,0,0,0,0,0,0,0,2,0,35,29.39,0.0,0.0,5,5,4,0,0,0,0,0,0,0,0,0,0
2018-08-07,1,0,0,0,0,1,1,0,1,0,110,92.34,0.0,0.0,0,0,0,0,0,0,0,0,0,0,0,0,0
2018-08-08,1,0,0,0,0,0,1,0,1,0,119,99.5,0.0,0.0,0,0,0,0,0,0,0,0,0,0,0,0,0
2018-08-09,4,0,0,0,0,0,0,0,0,0,4,3.64,0.0,0.0,0,0,0,0,0,0,0,0,0,0,0,0,0
2018-08-10,1,0,0,0,0,0,0,0,1,0,119,99.17,0.0,0.0,0,0,0,0,0,0,0,0,0,0,0,0,0
2018-08-12,3,0,0,0,0,0,0,0,0,0,6,5.56,0.0,0.0,0,0,0,0,0,0,0,0,0,0,0,0,0
2018-08-13,1,0,0,0,0,6,0,0,1,0,115,96.01,0.0,0.0,5,5,4,0,0,0,0,0,0,0,0,1,0
2018-08-14,1,0,0,0,0,0,0,0,0,0,31,26.58,0.0,0.0,0,0,0,0,0,0,0,0,0,0,0,0,0
2018-08-15,1,0,0,1,0,0,0,0,1,0,93,78.21,0.0,0.0,1,1,1,0,0,0,0,0,0,0,0,0,0
2018-08-16,1,0,0,0,0,0,0,0,0,0,5,4.17,0.0,0.0,0,0,0,0,0,0,0,0,0,0,0,0,0
2018-08-17,2,0,0,0,0,0,0,0,2,0,71,59.88,0.0,0.0,0,0,0,0,0,0,0,0,0,0,0,0,0
2018-08-18,1,0,0,0,0,0,0,0,2,0,130,108.86,0.0,0.0,0,0,0,0,0,0,0,0,0,0,0,0,0
2018-08-19,1,0,0,0,0,0,0,0,1,0,119,99.48,0.0,0.0,0,0,0,0,0,0,0,0,0,0,0,0,0
2018-08-21,1,0,0,0,0,0,0,0,1,0,119,99.48,0.0,0.0,0,0,0,0,0,0,0,0,0,0,0,0,0
2018-08-25,2,0,0,0,0,0,0,0,0,0,29,24.55,0.0,0.0,0,0,0,0,0,0,0,0,0,0,0,0,0
2018-08-27,2,0,0,0,0,0,0,0,1,0,41,34.51,0.0,0.0,5,5,4,0,0,0,0,0,0,0,0,0,0
2018-08-29,2,0,0,0,0,0,0,0,0,0,16,13.73,0.0,0.0,0,0,0,0,0,0,0,0,0,0,0,0,0
2018-08-31,2,0,0,0,0,0,0,0,3,0,114,95.54,0.0,0.0,5,5,4,0,0,0,0,0,0,0,0,0,0
2018-09-01,2,0,0,0,0,0,0,0,2,0,70,58.989999999999995,0.0,0.0,0,0,0,0,0,0,0,0,0,0,0,0,0
2018-09-02,1,1,0,0,0,0,0,0,1,1,119,99.4,0.0,0.0,0,0,0,0,0,0,0,0,0,0,0,0,0
2018-09-05,5,0,0,0,0,0,0,0,3,0,45,37.54,0.0,0.0,1,1,1,0,0,0,0,0,0,0,0,0,0
2018-09-06,3,0,0,0,0,0,0,0,3,0,71,60.0,0.0,0.0,0,0,0,0,0,0,0,0,0,0,0,0,0
2018-09-07,1,0,0,0,0,0,0,0,1,0,119,99.48,0.0,0.0,0,0,0,0,0,0,0,0,0,0,0,0,0
2018-09-08,1,0,0,0,0,0,0,0,0,0,40,33.79,0.0,0.0,0,0,0,0,0,0,0,0,0,0,0,0,0
2018-09-10,1,0,0,0,0,0,0,0,2,0,147,123.25,0.0,0.0,0,0,0,0,0,0,0,0,0,0,0,0,0
2018-09-11,5,0,0,0,0,0,0,0,3,0,46,39.09,0.0,0.0,5,5,4,0,0,0,0,0,0,0,0,0,0
2018-09-12,1,0,0,1,0,0,0,0,1,0,115,96.53,0.0,0.0,0,0,0,0,0,0,0,0,0,0,0,0,0
2018-09-13,1,0,0,0,0,0,0,0,1,0,119,99.48,0.0,0.0,0,0,0,0,0,0,0,0,0,0,0,0,0
2018-09-14,1,0,0,0,0,0,0,0,0,0,31,26.13,0.0,0.0,0,0,0,0,0,0,0,0,0,0,0,0,0
2018-09-15,4,0,0,0,0,0,0,0,4,0,71,59.62,0.0,0.0,0,0,0,0,0,0,0,0,0,0,0,0,0
2018-09-16,1,0,0,0,0,0,0,0,1,0,119,99.48,0.0,0.0,5,5,4,0,0,0,0,0,0,0,0,0,0
2018-09-17,2,0,0,0,0,0,0,0,3,0,119,99.48,0.0,0.0,5,5,4,0,0,0,0,0,0,0,0,0,0
2018-09-20,2,1,0,0,0,0,0,0,2,0,86,72.01,0.0,0.0,0,0,0,0,0,0,0,0,0,0,0,0,0
2018-09-23,2,0,0,1,0,0,0,0,3,0,114,95.53,0.0,0.0,0,0,0,0,0,0,0,0,0,0,0,0,0
2018-09-24,2,0,0,0,0,0,0,0,2,0,86,71.88,0.0,0.0,5,5,4,0,0,0,0,0,0,0,0,0,0
2018-09-27,2,0,0,0,0,0,0,0,3,0,119,99.48,0.0,0.0,5,5,4,0,0,0,0,0,0,0,0,0,0
2018-09-29,1,0,0,0,0,0,0,0,1,0,119,99.48,0.0,0.0,0,0,0,0,0,0,0,0,0,0,0,0,0
2018-10-02,2,0,0,0,0,0,0,0,3,0,119,99.49,0.0,0.0,5,5,4,0,0,0,0,0,0,0,0,0,0
2018-10-03,2,0,0,0,0,0,0,0,1,0,44,37.26,0.0,0.0,0,0,0,0,0,0,0,0,0,0,0,0,0
2018-10-04,0,0,0,0,0,1,0,0,0,0,0,0.0,0.0,0.0,0,0,0,0,0,0,0,0,0,0,0,0,0
2018-10-05,3,0,0,0,0,0,0,0,4,0,93,78.07,0.0,0.0,5,5,4,0,0,0,0,0,0,0,0,0,0
2018-10-06,1,0,0,0,0,0,0,0,0,0,0,0.08,0.0,0.0,0,0,0,0,0,0,0,0,0,0,0,0,0
2018-10-07,2,0,0,0,0,0,0,0,2,0,81,67.93,0.0,0.0,0,0,0,0,0,0,0,0,0,0,0,0,0
2018-10-08,1,0,0,0,0,0,0,0,1,0,119,99.48,0.0,0.0,0,0,0,0,0,0,0,0,0,0,0,0,0
2018-10-09,1,0,0,0,1,0,0,0,0,0,40,33.33,0.0,0.0,0,0,0,0,0,0,0,0,0,0,0,0,0
2018-10-10,2,0,0,0,0,0,0,0,3,0,119,99.48,0.0,0.0,0,0,0,0,0,0,0,0,0,0,0,0,0
2018-10-11,3,0,0,0,0,0,0,0,2,0,40,33.86,0.0,0.0,5,5,4,0,0,0,0,0,0,0,0,0,0
2018-10-12,2,0,0,0,0,0,0,0,0,0,11,9.2,0.0,0.0,0,0,0,0,0,0,0,0,0,0,0,0,0
2018-10-14,1,0,0,1,0,0,0,0,1,0,119,99.48,0.0,0.0,0,0,0,0,0,0,0,0,0,0,0,0,0
2018-10-15,2,0,0,0,0,0,0,0,2,0,78,65.07,0.0,0.0,0,0,0,0,0,0,0,0,0,0,0,0,0
2018-10-16,2,0,0,0,0,0,0,0,3,0,116,96.98,0.0,0.0,5,5,4,0,0,0,0,0,0,0,0,0,0
2018-10-17,1,0,0,0,0,0,0,0,0,0,37,31.44,0.0,0.0,0,0,0,0,0,0,0,0,0,0,0,0,0
2018-10-20,3,0,0,0,0,0,0,0,3,0,63,53.2,0.0,0.0,0,0,0,0,0,0,0,0,0,0,0,0,0
2018-10-21,1,0,0,0,0,0,1,0,1,0,76,63.82,0.0,0.0,0,0,0,0,0,0,0,0,0,0,0,0,0
2018-10-23,2,0,0,0,0,0,0,0,2,0,65,54.54,0.0,0.0,5,5,4,0,0,0,0,0,0,0,0,0,0
2018-10-25,1,0,0,0,0,0,0,0,0,0,25,21.06,0.0,0.0,0,0,0,0,0,0,0,0,0,0,0,0,0
2018-10-26,2,0,0,1,0,0,0,0,3,0,115,96.26,0.1,0.0,10,10,8,1,0,0,0,0,0,0,0,0,0
2018-10-27,2,0,0,0,0,0,0,0,3,0,119,99.61,0.0,0.0,5,5,4,0,0,0,0,0,0,0,0,0,0
2018-10-28,1,0,0,0,0,0,0,0,1,0,119,99.48,0.0,0.0,5,5,4,0,0,0,0,0,0,0,0,0,0
2018-10-29,3,0,0,0,0,0,0,0,4,0,80,67.41,0.0,0.0,6,6,5,0,0,0,0,0,0,0,0,0,0
2018-10-30,3,0,0,1,0,0,0,0,2,0,44,36.8,0.0,0.0,5,5,4,0,0,0,0,0,0,0,0,0,0
2018-11-01,2,0,0,1,0,0,0,0,3,0,119,99.28,0.0,0.0,0,0,0,0,0,0,0,0,0,0,0,0,0
2018-11-02,2,0,0,1,0,0,0,0,2,0,82,68.94,0.0,0.0,0,0,0,0,0,0,0,0,0,0,0,0,0
2018-11-03,1,0,0,0,0,0,0,0,1,0,108,90.12,0.0,0.0,5,5,4,0,0,0,0,0,0,0,0,0,0
2018-11-04,1,0,0,0,0,0,0,0,1,0,119,99.4,0.0,0.0,0,0,0,0,0,0,0,0,0,0,0,0,0
2018-11-05,2,0,0,0,0,0,0,0,1,0,59,49.8,0.0,0.0,0,0,0,0,0,0,0,0,0,0,0,0,0
2018-11-10,1,0,0,0,0,0,0,0,0,0,13,11.66,0.0,0.0,0,0,0,0,0,0,0,0,0,0,0,0,0
2018-11-11,2,0,0,0,0,0,0,0,0,0,7,5.92,0.0,0.0,0,0,0,0,0,0,0,0,0,0,0,0,0
2018-11-12,1,0,0,0,0,0,0,0,2,0,120,100.31000000000002,0.0,0.0,0,0,0,0,0,0,0,0,0,0,0,0,0
2018-11-14,3,0,0,0,0,0,0,0,2,0,58,49.09,0.0,0.0,6,6,5,0,0,0,0,0,0,0,0,0,0
2018-11-15,1,0,0,0,0,0,0,0,0,0,53,44.44,0.0,0.0,0,0,0,0,0,0,0,0,0,0,0,0,0
2018-11-16,3,0,0,1,0,0,0,0,4,0,80,67.3,0.0,0.0,0,0,0,0,0,0,0,0,0,0,0,0,0
2018-11-17,1,0,0,0,0,0,0,0,1,0,119,99.48,0.0,0.0,5,5,4,0,0,0,0,0,0,0,0,0,0
2018-11-18,1,0,0,0,0,0,0,0,1,0,119,99.17,0.0,0.0,0,0,0,0,0,0,0,0,0,0,0,0,0
2018-11-19,2,0,0,0,0,0,0,0,0,0,21,17.67,0.0,0.0,0,0,0,0,0,0,0,0,0,0,0,0,0
2018-11-20,1,1,0,0,0,1,0,0,0,0,28,23.78,0.0,0.0,0,0,0,0,0,0,0,0,0,0,0,0,0
2018-11-21,1,0,0,0,0,0,0,0,1,0,111,92.58,0.0,0.0,0,0,0,0,0,0,0,0,0,0,0,0,0
2018-11-22,4,0,0,0,0,0,0,0,1,0,26,22.17,0.0,0.0,0,0,0,0,0,0,0,0,0,0,0,0,0
2018-11-23,1,0,0,0,0,0,0,0,2,0,173,144.58,0.0,0.0,0,0,0,0,0,0,0,0,0,0,0,0,0
2018-11-24,3,0,0,0,0,0,0,0,2,0,46,38.41,0.0,0.0,0,0,0,0,0,0,0,0,0,0,0,0,0
2018-11-25,4,0,0,0,0,0,0,0,6,0,90,75.18,0.0,0.0,5,5,4,0,0,0,0,0,0,0,0,0,0
2018-11-26,4,0,0,0,0,0,0,0,6,0,90,75.71,0.0,0.0,5,5,4,0,0,0,0,0,0,0,0,0,0
2018-11-27,1,0,0,0,0,0,0,0,1,0,119,99.48,0.0,0.0,5,5,4,0,0,0,0,0,0,0,0,0,0
2018-11-28,2,0,0,0,0,0,0,0,1,0,33,28.050000000000004,0.0,0.0,0,0,0,0,0,0,0,0,0,0,0,0,0
2018-11-29,7,0,0,0,0,0,0,0,6,0,55,45.96,0.0,0.0,0,0,0,0,0,0,0,0,0,0,0,0,0
2018-11-30,2,0,0,0,0,0,0,0,3,0,114,95.77,0.0,0.0,0,0,0,0,0,0,0,0,0,0,0,0,0
2018-12-01,3,0,0,0,0,0,0,0,4,0,95,79.58,0.0,0.0,0,0,0,0,0,0,0,0,0,0,0,0,0
2018-12-02,4,0,0,0,0,0,0,0,7,0,113,94.71,0.0,0.0,6,6,5,0,0,0,0,0,0,0,0,0,0
2018-12-03,1,0,0,0,0,0,0,0,1,0,116,96.82,0.0,0.0,1,1,1,0,0,0,0,0,0,0,0,0,0
2018-12-05,1,0,0,0,0,0,0,0,0,0,12,10.08,0.0,0.0,4,4,3,0,0,0,0,0,0,0,0,0,0
2018-12-06,3,0,0,0,0,0,0,0,3,0,72,60.14000000000001,0.0,0.0,0,0,0,0,0,0,0,0,0,0,0,0,0
2018-12-07,2,0,0,0,0,0,0,0,1,0,57,47.91,0.0,0.0,0,0,0,0,0,0,0,0,0,0,0,0,0
2018-12-08,2,1,0,0,0,0,0,0,2,1,60,50.529999999999994,0.0,0.0,0,0,0,0,0,0,0,0,0,0,0,0,0
2018-12-09,3,0,0,1,0,0,0,0,5,0,116,97.18,0.0,0.0,5,5,4,0,0,0,0,0,0,0,0,1,0
2018-12-10,2,0,0,0,0,0,0,0,3,0,115,95.86,0.0,0.0,5,5,4,0,0,0,0,0,0,0,0,0,0
2018-12-11,4,0,0,0,0,0,0,0,6,0,94,78.97,0.0,0.0,10,10,8,0,0,0,0,0,0,0,0,0,0
2018-12-13,1,0,0,0,0,0,0,0,1,0,118,99.08,0.0,0.0,0,0,0,0,0,0,0,0,0,0,0,0,0
2018-12-14,4,0,0,1,0,0,0,0,6,0,90,75.03,0.0,0.0,5,5,4,0,0,0,0,0,0,0,0,0,0
2018-12-15,2,0,0,0,0,0,0,0,1,0,46,38.42,1.0,0.0,1,1,1,1,0,0,0,0,0,0,0,0,0
2018-12-16,2,0,0,0,0,0,0,0,3,0,98,81.79,0.0,0.0,0,0,0,0,0,0,0,0,0,0,0,0,0
2018-12-17,3,0,0,0,0,0,0,0,4,0,81,67.85,0.0,0.0,0,0,0,0,0,0,0,0,0,0,0,0,0
2018-12-19,3,0,0,0,0,0,0,0,0,0,17,14.78,0.0,0.0,0,0,0,0,0,0,0,0,0,0,0,0,0
2018-12-20,3,0,0,0,0,0,0,0,4,0,99,82.7,0.0,0.0,0,0,0,0,0,0,0,0,0,0,0,0,0
2018-12-21,1,0,0,0,0,0,0,0,1,0,115,96.52,0.0,0.0,4,4,4,0,0,0,0,0,0,0,0,0,0
2018-12-23,1,0,0,0,0,0,0,0,0,0,51,43.06,0.0,0.0,0,0,0,0,0,0,0,0,0,0,0,0,0
2018-12-25,3,0,0,1,0,0,0,0,3,0,79,66.5,0.0,0.0,0,0,0,0,0,0,0,0,0,0,0,0,0
2018-12-26,1,0,0,1,0,0,0,0,1,0,109,91.48,0.0,0.0,4,4,4,0,0,0,0,0,0,0,0,1,0
2018-12-27,4,0,0,0,0,0,0,0,5,0,85,71.35,0.0,0.0,0,0,0,0,0,0,0,0,0,0,0,0,0
2018-12-28,2,0,0,0,0,0,0,0,3,0,108,90.72,0.0,0.2,5,5,5,0,1,0,0,0,0,0,0,0,0
2018-12-29,0,0,0,0,0,0,1,0,0,0,0,0.0,0.0,0.0,0,0,0,0,0,0,0,0,0,0,0,0,0
2018-12-31,1,0,0,1,0,0,0,0,2,0,128,107.33,0.0,0.0,0,0,0,0,0,0,0,0,0,0,0,0,0
2019-01-01,1,0,0,0,0,0,0,0,0,0,59,49.25,0.0,0.0,0,0,0,0,0,0,0,0,0,0,0,0,0
2019-01-02,3,0,0,0,0,0,0,0,1,0,25,21.52,0.0,0.0,0,0,0,0,0,0,0,0,0,0,0,0,0
2019-01-03,3,0,0,0,0,0,0,0,5,0,113,94.94,0.0,0.0,5,5,5,0,0,0,0,0,0,0,0,0,0
2019-01-05,5,0,0,0,0,0,0,0,4,0,52,43.5,0.0,0.0,4,4,4,0,0,0,0,0,0,0,0,0,0
2019-01-06,1,0,0,0,0,0,0,0,1,0,112,94.08,0.0,0.0,0,0,0,0,0,0,0,0,0,0,0,0,0
2019-01-07,3,0,0,0,0,0,0,0,4,0,92,77.22,0.0,0.0,4,4,4,0,0,0,0,0,0,0,0,0,0
2019-01-08,3,0,0,0,0,0,0,0,2,0,51,43.21,0.0,0.0,0,0,0,0,0,0,0,0,0,0,0,0,0
2019-01-09,1,0,0,0,0,0,0,0,1,0,76,63.42,0.0,0.0,0,0,0,0,0,0,0,0,0,0,0,0,0
2019-01-10,6,0,0,0,0,0,0,0,5,0,58,48.75,0.0,0.0,0,0,0,0,0,0,0,0,0,0,0,0,0
2019-01-11,1,0,0,0,0,0,0,0,1,0,119,99.48,0.0,0.0,0,0,0,0,0,0,0,0,0,0,0,0,0
2019-01-12,1,0,0,0,0,0,0,0,1,0,119,99.48,0.0,0.0,0,0,0,0,0,0,0,0,0,0,0,0,0
2019-01-13,3,0,0,0,0,0,0,0,2,0,59,50.0,0.0,0.0,0,0,0,0,0,0,0,0,0,0,0,0,0
2019-01-14,4,0,0,1,0,0,0,0,4,0,65,54.49,0.0,0.0,4,4,4,0,0,0,0,0,0,0,0,0,0
2019-01-15,3,0,0,0,0,0,0,0,3,0,75,62.83,0.0,0.0,0,0,0,0,0,0,0,0,0,0,0,0,0
2019-01-16,2,0,0,0,0,1,0,0,3,0,101,84.41,0.0,0.0,0,0,0,0,0,0,0,0,0,0,0,0,0
2019-01-18,5,1,0,0,0,0,0,0,5,1,66,55.43,0.0,0.0,0,0,0,0,0,0,0,0,0,0,0,0,0
2019-01-19,1,0,0,0,0,0,0,0,0,0,6,5.0,0.0,0.0,0,0,0,0,0,0,0,0,0,0,0,0,0
2019-01-20,4,0,0,0,0,0,0,0,2,0,30,25.53,0.0,0.0,0,0,0,0,0,0,0,0,0,0,0,1,0
2019-01-21,2,1,0,0,0,0,0,0,2,0,70,58.879999999999995,0.0,0.0,0,0,0,0,0,0,0,0,0,0,0,0,0
2019-01-22,2,0,0,0,0,0,0,0,2,0,61,51.03,0.0,0.0,0,0,0,0,0,0,0,0,0,0,0,0,0
2019-01-23,1,0,0,0,0,0,0,0,1,0,119,99.48,0.0,0.0,0,0,0,0,0,0,0,0,0,0,0,0,0
2019-01-24,1,0,0,0,0,0,0,0,0,0,44,36.67,0.0,0.0,0,0,0,0,0,0,0,0,0,0,0,0,0
2019-01-25,1,0,0,1,0,0,0,0,0,0,15,13.170000000000002,0.0,0.0,0,0,0,0,0,0,0,0,0,0,0,0,0
2019-01-27,1,0,0,0,0,0,0,0,1,0,119,99.48,0.0,0.0,0,0,0,0,0,0,0,0,0,0,0,0,0
2019-01-29,2,0,0,0,0,0,0,0,2,0,60,50.29,0.0,0.0,0,0,0,0,0,0,0,0,0,0,0,0,0
2019-01-31,1,0,0,1,0,0,0,0,1,0,118,98.6,0.0,0.0,0,0,0,0,0,0,0,0,0,0,0,0,0
2019-02-01,2,1,0,1,0,0,0,0,2,0,78,65.36,0.0,0.0,0,0,0,0,0,0,0,0,0,0,0,0,0
2019-02-02,2,0,0,0,0,0,0,0,4,0,127,106.43,0.0,0.0,0,0,0,0,0,0,0,0,0,0,0,0,0
2019-02-03,4,1,0,0,0,0,0,0,7,1,118,98.67,0.0,0.0,0,0,0,0,0,0,0,0,0,0,0,0,0
2019-02-04,2,0,0,0,0,1,0,0,2,0,64,53.6,0.0,0.0,0,0,0,0,0,0,0,0,0,0,0,0,0
2019-02-05,3,0,0,0,0,0,0,0,3,0,62,51.68000000000001,0.0,0.0,0,0,0,0,0,0,0,0,0,0,0,0,0
2019-02-06,3,0,0,0,0,0,0,0,4,0,93,77.83,0.0,0.0,0,0,0,0,0,0,0,0,0,0,0,0,0
2019-02-07,1,0,0,0,0,0,0,0,1,0,119,99.48,0.0,0.0,0,0,0,0,0,0,0,0,0,0,0,0,0
2019-02-08,2,0,0,0,0,0,0,0,4,0,120,100.79,0.0,0.0,0,0,0,0,0,0,0,0,0,0,0,0,0
2019-02-09,3,1,0,0,0,0,0,0,4,1,82,68.79,0.0,0.0,0,0,0,0,0,0,0,0,0,0,0,0,0
2019-02-10,5,0,0,1,0,0,0,0,4,0,53,44.72,0.0,0.0,0,0,0,0,0,0,0,0,0,0,0,0,0
2019-02-11,3,0,0,0,0,0,0,0,3,0,68,57.32000000000001,0.0,0.0,0,0,0,0,0,0,0,0,0,0,0,0,0
2019-02-12,3,0,0,0,0,0,0,0,2,0,45,38.01,0.0,0.0,0,0,0,0,0,0,0,0,0,0,0,0,0
2019-02-13,1,0,0,0,0,0,0,0,1,0,119,99.5,0.0,0.0,0,0,0,0,0,0,0,0,0,0,0,0,0
2019-02-15,3,0,0,1,0,0,0,0,4,0,96,80.23,0.0,0.0,0,0,0,0,0,0,0,0,0,0,0,0,0
2019-02-16,3,0,0,1,0,0,0,0,5,0,119,99.71,0.0,0.0,0,0,0,0,0,0,0,0,0,0,0,0,0
2019-02-17,3,0,0,0,0,0,0,0,3,0,73,61.45,0.0,0.0,0,0,0,0,0,0,0,0,0,0,0,0,0
2019-02-18,3,0,0,0,0,0,0,0,5,0,116,97.15,0.0,0.0,0,0,0,0,0,0,0,0,0,0,0,0,0
2019-02-19,3,0,0,0,0,0,0,0,3,0,75,63.13999999999999,0.0,0.0,0,0,0,0,0,0,0,0,0,0,0,0,0
2019-02-20,2,0,0,0,0,0,0,0,3,0,119,99.42,0.0,0.0,0,0,0,0,0,0,0,0,0,0,0,0,0
2019-02-21,1,0,0,0,0,0,0,0,1,0,114,95.17,0.0,0.0,0,0,0,0,0,0,0,0,0,0,0,0,0
2019-02-22,4,0,0,1,0,0,0,0,6,0,92,77.25,0.0,0.0,0,0,0,0,0,0,0,0,0,0,0,0,0
2019-02-24,4,0,0,0,0,0,0,0,4,0,67,56.35,0.0,0.0,0,0,0,0,0,0,0,0,0,0,0,0,0
2019-02-25,3,0,0,0,0,0,0,0,2,0,50,42.28,0.0,0.0,0,0,0,0,0,0,0,0,0,0,0,0,0
2019-02-27,1,0,0,0,0,0,0,0,1,0,96,80.81,0.0,0.0,0,0,0,0,0,0,0,0,0,0,0,0,0
2019-02-28,1,0,0,0,0,0,0,0,0,0,6,5.0,0.0,0.0,0,0,0,0,0,0,0,0,0,0,0,0,0
2019-03-01,2,0,0,0,0,0,0,0,2,0,64,53.68999999999999,0.0,0.0,0,0,0,0,0,0,0,0,0,0,0,0,0
2019-03-02,2,0,0,0,0,0,0,0,1,0,49,41.36,0.0,0.0,0,0,0,0,0,0,0,0,0,0,0,0,0
2019-03-03,6,0,0,0,0,0,0,0,6,0,67,56.49999999999999,0.0,0.0,0,0,0,0,0,0,0,0,0,0,0,0,0
2019-03-04,2,0,0,0,0,0,0,0,2,0,65,54.35,0.0,0.0,0,0,0,0,0,0,0,0,0,0,0,0,0
2019-03-05,2,0,0,0,0,0,0,0,3,0,119,99.48,0.0,0.0,0,0,0,0,0,0,0,0,0,0,0,0,0
2019-03-06,4,0,0,0,0,0,0,0,4,0,61,51.12,0.0,0.0,0,0,0,0,0,0,0,0,0,0,0,0,0
2019-03-08,2,0,0,1,0,0,0,0,1,0,52,43.72,0.0,0.0,0,0,0,0,0,0,0,0,0,0,0,0,0
2019-03-10,4,0,0,0,0,0,0,0,5,0,83,69.55,0.0,0.0,0,0,0,0,0,0,0,0,0,0,0,0,0
2019-03-11,3,0,0,1,0,0,0,0,4,0,92,77.45,0.0,0.0,0,0,0,0,0,0,0,0,0,0,0,0,0
2019-03-13,1,0,0,0,0,0,0,0,0,0,32,27.11,0.0,0.0,0,0,0,0,0,0,0,0,0,0,0,0,0
2019-03-15,2,0,0,0,0,0,0,0,0,0,6,5.74,0.0,0.0,0,0,0,0,0,0,0,0,0,0,0,0,0
2019-03-16,1,0,0,0,0,0,0,0,0,0,49,40.88,0.0,0.0,0,0,0,0,0,0,0,0,0,0,0,0,0
2019-03-17,2,0,0,0,0,0,0,0,3,0,119,99.48,0.0,0.0,0,0,0,0,0,0,0,0,0,0,0,0,0
2019-03-18,4,1,0,0,0,1,0,1,2,0,40,33.96,0.0,0.0,0,0,0,0,0,0,0,0,0,0,0,0,0
2019-03-19,4,0,0,0,0,0,0,0,5,0,81,67.73,0.0,0.0,0,0,0,0,0,0,0,0,0,0,0,1,0
2019-03-20,2,0,0,0,0,0,0,0,3,0,112,93.91,0.0,0.0,0,0,0,0,0,0,0,0,0,0,0,0,0
2019-03-21,3,0,0,0,0,0,0,0,5,0,100,83.75,0.0,0.0,0,0,0,0,0,0,0,0,0,0,0,0,0
2019-03-23,2,0,0,0,0,0,0,0,2,0,69,57.57,0.0,0.0,0,0,0,0,0,0,0,0,0,0,0,0,0
2019-03-25,3,0,0,0,0,0,0,0,0,0,18,15.4,0.0,0.0,0,0,0,0,0,0,0,0,0,0,0,0,0
2019-03-26,1,0,0,0,0,0,0,0,2,0,147,123.17,0.0,0.0,0,0,0,0,0,0,0,0,0,0,0,1,1
2019-03-30,1,0,0,0,0,0,0,0,1,0,119,99.48,0.0,0.0,0,0,0,0,0,0,0,0,0,0,0,0,0
2019-03-31,2,0,0,0,0,0,0,0,2,0,60,50.79,0.0,0.0,0,0,0,0,0,0,0,0,0,0,0,0,0
2019-04-02,1,0,0,0,0,0,0,0,1,0,108,90.11,0.0,0.0,0,0,0,0,0,0,0,0,0,0,0,1,0
2019-04-03,3,0,0,0,0,0,0,0,4,0,80,67.2,0.0,0.0,0,0,0,0,0,0,0,0,0,0,0,0,0
2019-04-04,2,0,0,1,0,0,0,0,3,0,108,90.39,0.0,0.0,0,0,0,0,0,0,0,0,0,0,0,0,0
2019-04-06,1,0,0,0,0,0,0,0,0,0,7,6.480000000000001,0.0,0.0,0,0,0,0,0,0,0,0,0,0,0,0,0
2019-04-07,1,0,0,0,0,0,0,0,0,0,7,6.559999999999999,0.0,0.0,0,0,0,0,0,0,0,0,0,0,0,0,0
2019-04-08,1,0,0,0,0,0,0,0,1,0,114,95.56,0.0,0.0,0,0,0,0,0,0,0,0,0,0,0,0,0
2019-04-09,1,0,0,0,0,0,0,0,1,0,119,99.81,0.0,0.0,0,0,0,0,0,0,0,0,0,0,0,0,0
2019-04-10,1,0,0,0,0,0,0,0,0,0,2,1.77,0.0,0.0,0,0,0,0,0,0,0,0,0,0,0,0,0
2019-04-13,1,0,0,0,0,0,0,0,0,0,16,13.56,0.0,0.0,0,0,0,0,0,0,0,0,0,0,0,0,0
2019-04-15,1,0,0,0,0,0,0,0,1,0,119,99.48,0.0,0.0,0,0,0,0,0,0,0,0,0,0,0,0,0
2019-04-17,2,0,0,0,0,0,0,0,2,0,89,74.62,0.0,0.0,0,0,0,0,0,0,0,0,0,0,0,0,0
2019-04-18,2,0,0,0,0,0,0,0,0,0,14,11.67,0.0,0.0,0,0,0,0,0,0,0,0,0,0,0,0,0
2019-04-20,0,0,0,0,0,2,0,0,0,0,0,0.0,0.0,0.0,0,0,0,0,0,0,0,0,0,0,0,0,0
2019-04-24,2,0,0,0,0,1,0,0,3,0,116,97.24,0.0,0.0,0,0,0,0,0,0,0,0,0,0,0,0,0
2019-04-25,1,0,0,0,0,0,0,0,0,0,0,0.28,0.0,0.0,0,0,0,0,0,0,0,0,0,0,0,0,0
2019-04-27,4,0,0,0,0,0,0,0,3,0,48,40.22,0.0,0.0,0,0,0,0,0,0,0,0,0,0,0,0,0
2019-04-28,4,0,0,0,0,0,0,0,4,0,69,57.550000000000004,0.0,0.0,0,0,0,0,0,0,0,0,0,0,0,0,0
2019-04-29,1,0,0,0,0,0,0,0,1,0,119,99.48,0.0,0.0,0,0,0,0,0,0,0,0,0,0,0,0,0
2019-05-02,1,0,0,1,0,0,0,0,1,0,110,92.31,0.0,0.0,0,0,0,0,0,0,0,0,0,0,0,0,0
2019-05-03,2,0,0,0,0,0,0,0,1,0,58,48.96,0.0,0.0,0,0,0,0,0,0,0,0,0,0,0,0,0
2019-05-05,3,0,0,1,0,0,0,0,3,0,71,59.37,0.0,0.0,0,0,0,0,0,0,0,0,0,0,0,0,0
2019-05-06,2,0,0,0,0,0,0,0,1,0,41,34.24,0.0,0.0,0,0,0,0,0,0,0,0,0,0,0,0,0
2019-05-07,2,0,0,0,0,0,0,0,3,0,98,81.78,0.0,0.0,0,0,0,0,0,0,0,0,0,0,0,0,0
2019-05-08,4,0,0,0,0,0,0,0,7,0,105,87.82,0.0,0.0,0,0,0,0,0,0,0,0,0,0,0,0,0
2019-05-09,4,0,0,1,0,0,0,0,5,0,79,66.33,0.0,0.0,0,0,0,0,0,0,0,0,0,0,0,0,0
2019-05-10,1,0,0,0,0,0,0,0,0,0,7,6.329999999999999,0.0,0.0,0,0,0,0,0,0,0,0,0,0,0,0,0
2019-05-11,2,0,0,1,0,0,0,0,2,0,63,53.09,0.0,0.0,0,0,0,0,0,0,0,0,0,0,0,0,0
2019-05-12,0,0,0,0,0,1,0,0,0,0,0,0.0,0.0,0.0,0,0,0,0,0,0,0,0,0,0,0,0,0
2019-05-13,1,0,0,0,0,0,0,0,1,0,83,69.67,0.0,0.0,0,0,0,0,0,0,0,0,0,0,0,0,0
2019-05-15,3,0,0,0,0,0,0,0,4,0,88,73.58,0.0,0.0,0,0,0,0,0,0,0,0,0,0,0,0,0
2019-05-16,3,0,0,0,0,0,0,0,4,0,84,70.42,0.0,0.0,0,0,0,0,0,0,0,0,0,0,0,0,0
2019-05-17,1,0,0,0,0,0,0,0,1,0,119,99.5,0.0,0.0,0,0,0,0,0,0,0,0,0,0,0,0,0
2019-05-18,2,0,0,0,0,0,0,0,2,0,65,54.98,0.0,0.0,0,0,0,0,0,0,0,0,0,0,0,0,0
2019-05-20,3,0,0,0,0,0,0,0,4,0,86,71.82,0.0,0.0,0,0,0,0,0,0,0,0,0,0,0,0,0
2019-05-21,1,0,0,0,0,0,0,0,1,0,119,99.48,0.0,0.0,0,0,0,0,0,0,0,0,0,0,0,0,0
2019-05-22,1,0,0,0,0,0,0,0,0,0,14,12.13,0.0,0.0,0,0,0,0,0,0,0,0,0,0,0,0,0
2019-05-23,1,0,0,0,0,0,0,0,1,0,82,68.76,0.0,0.0,0,0,0,0,0,0,0,0,0,0,0,0,0
2019-05-25,3,0,0,0,0,0,0,0,5,0,118,98.5,0.0,0.0,0,0,0,0,0,0,0,0,0,0,0,0,0
2019-05-26,1,0,0,0,0,0,0,0,0,0,2,2.42,0.0,0.0,0,0,0,0,0,0,0,0,0,0,0,0,0
2019-05-27,3,0,0,1,0,1,0,0,6,0,120,100.05999999999999,0.0,0.0,0,0,0,0,0,0,0,0,0,0,0,0,0
2019-05-28,1,0,0,0,0,0,0,0,0,0,4,3.63,0.0,0.0,0,0,0,0,0,0,0,0,0,0,0,0,0
2019-05-30,1,0,0,0,0,0,0,0,1,0,115,96.46,0.0,0.0,0,0,0,0,0,0,0,0,0,0,0,0,0
2019-05-31,2,0,0,0,0,0,0,0,2,0,77,64.39,0.0,0.0,0,0,0,0,0,0,0,0,0,0,0,0,0
2019-06-01,1,0,0,0,0,0,0,0,0,0,36,30.45,0.0,0.0,0,0,0,0,0,0,0,0,0,0,0,0,0
2019-06-02,2,0,0,0,0,0,0,0,3,0,119,99.39,0.0,0.0,0,0,0,0,0,0,0,0,0,0,0,0,0
2019-06-03,4,0,0,1,0,0,0,0,2,0,30,25.790000000000003,0.0,0.0,0,0,0,0,0,0,0,0,0,0,0,1,0
2019-06-04,1,0,0,0,0,0,0,0,1,0,119,99.6,0.0,0.0,0,0,0,0,0,0,0,0,0,0,0,0,0
2019-06-05,3,0,0,0,0,0,0,0,1,0,28,23.81,0.0,0.0,0,0,0,0,0,0,0,0,0,0,0,0,0
2019-06-06,1,0,0,0,0,0,0,0,2,0,144,120.33,0.0,0.0,0,0,0,0,0,0,0,0,0,0,0,0,0
2019-06-07,1,0,0,0,0,0,0,0,2,0,133,111.44000000000001,0.0,0.0,0,0,0,0,0,0,0,0,0,0,0,0,0
2019-06-08,1,1,0,0,0,0,0,0,1,1,119,99.5,0.0,0.0,0,0,0,0,0,0,0,0,0,0,0,0,0
2019-06-09,1,0,0,0,0,0,0,0,1,0,118,98.42,0.0,0.0,0,0,0,0,0,0,0,0,0,0,0,0,0
2019-06-10,1,0,0,0,0,0,0,0,2,0,127,105.83,0.0,0.0,0,0,0,0,0,0,0,0,0,0,0,0,0
2019-06-11,2,0,0,1,0,0,0,0,3,0,113,94.21,0.0,0.0,0,0,0,0,0,0,0,0,0,0,0,0,0
2019-06-12,3,1,0,0,0,0,0,0,4,1,80,66.73,0.0,0.0,0,0,0,0,0,0,0,0,0,0,0,0,0
2019-06-13,1,0,0,0,0,0,0,0,0,0,6,5.49,0.0,0.0,0,0,0,0,0,0,0,0,0,0,0,0,0
2019-06-14,1,0,0,0,0,0,0,0,1,0,119,99.52,0.0,0.0,0,0,0,0,0,0,0,0,0,0,0,0,0
2019-06-15,2,0,0,0,0,0,0,0,4,0,123,103.0,0.0,0.0,0,0,0,0,0,0,0,0,0,0,0,0,0
2019-06-16,1,0,0,0,0,1,1,0,1,0,119,99.48,0.0,0.0,0,0,0,0,0,0,0,0,0,0,0,0,0
2019-06-19,1,0,0,0,0,0,0,0,0,0,3,3.04,0.0,0.0,0,0,0,0,0,0,0,0,0,0,0,0,0
2019-06-20,1,0,0,0,0,0,0,0,1,0,119,99.48,0.0,0.0,0,0,0,0,0,0,0,0,0,0,0,0,0
2019-06-21,1,0,0,0,0,0,0,0,2,0,128,106.91999999999999,0.0,0.0,0,0,0,0,0,0,0,0,0,0,0,0,0
2019-06-22,1,0,0,0,0,0,0,0,1,0,119,99.48,0.0,0.0,0,0,0,0,0,0,0,0,0,0,0,0,0
2019-06-24,1,0,0,0,0,0,0,0,0,0,27,22.82,0.0,0.0,0,0,0,0,0,0,0,0,0,0,0,0,0
2019-06-25,3,0,0,0,0,0,0,0,3,0,77,64.34,0.0,0.0,0,0,0,0,0,0,0,0,0,0,0,0,0
2019-06-26,1,0,0,0,0,0,0,0,2,0,122,101.66999999999999,0.0,0.0,0,0,0,0,0,0,0,0,0,0,0,0,0
2019-06-27,1,0,0,0,0,0,0,0,0,0,8,6.93,0.0,0.0,0,0,0,0,0,0,0,0,0,0,0,0,0
2019-06-28,1,0,0,0,0,0,0,0,0,0,6,5.0,0.0,0.0,0,0,0,0,0,0,0,0,0,0,0,0,0
2019-06-29,2,0,0,0,0,0,0,0,2,0,89,74.26,0.0,0.0,0,0,0,0,0,0,0,0,0,0,0,0,0
2019-06-30,2,0,0,0,0,0,0,0,3,0,92,77.48,0.0,0.0,0,0,0,0,0,0,0,0,0,0,0,0,0
2019-07-01,1,0,0,0,0,0,1,0,0,0,46,39.07,0.0,0.0,0,0,0,0,0,0,0,0,0,0,0,0,0
2019-07-03,2,1,0,0,0,0,0,0,1,1,59,49.96,0.0,0.0,0,0,0,0,0,0,0,0,0,0,0,0,0
2019-07-04,1,0,0,0,0,0,0,0,1,0,67,56.169999999999995,0.0,0.0,0,0,0,0,0,0,0,0,0,0,0,0,0
2019-07-05,3,0,0,1,0,0,0,0,6,0,125,104.86999999999999,0.0,0.0,0,0,0,0,0,0,0,0,0,0,0,0,0
2019-07-06,1,0,0,0,0,0,0,0,2,0,140,117.33,0.0,0.0,0,0,0,0,0,0,0,0,0,0,0,0,0
2019-07-07,1,0,0,1,0,0,0,0,2,0,132,110.20999999999998,0.0,0.0,0,0,0,0,0,0,0,0,0,0,0,0,0
2019-07-09,1,0,0,0,0,0,0,0,2,0,128,106.83,0.0,0.0,0,0,0,0,0,0,0,0,0,0,0,0,0
2019-07-10,1,0,0,1,0,0,0,0,1,0,66,55.669999999999995,0.0,0.0,0,0,0,0,0,0,0,0,0,0,0,0,0
2019-07-11,1,0,0,0,0,0,0,0,0,0,4,3.8,0.0,0.0,0,0,0,0,0,0,0,0,0,0,0,0,0
2019-07-13,2,0,0,1,0,0,0,0,3,0,117,98.02,0.0,0.0,0,0,0,0,0,0,0,0,0,0,0,0,0
2019-07-14,1,0,0,0,0,0,0,0,0,0,4,4.13,0.0,0.0,0,0,0,0,0,0,0,0,0,0,0,0,0
2019-07-15,2,0,0,0,0,0,0,0,0,0,1,1.17,0.0,0.0,0,0,0,0,0,0,0,0,0,0,0,0,0
2019-07-20,2,0,0,0,0,0,0,0,0,0,11,9.89,0.0,0.0,0,0,0,0,0,0,0,0,0,0,0,0,0
2019-07-21,2,1,0,1,0,0,0,0,3,1,119,99.54,0.0,0.0,0,0,0,0,0,0,0,0,0,0,0,0,0
2019-07-22,1,0,0,0,0,0,0,0,1,0,88,73.33,0.0,0.0,0,0,0,0,0,0,0,0,0,0,0,0,0
2019-07-24,1,0,0,0,0,0,0,0,1,0,119,99.5,0.0,0.0,0,0,0,0,0,0,0,0,0,0,0,0,0
2019-07-26,1,0,0,0,0,0,0,0,0,0,1,1.11,0.0,0.0,0,0,0,0,0,0,0,0,0,0,0,0,0
2019-07-27,1,0,0,1,0,0,0,0,1,0,114,95.08,0.0,0.0,0,0,0,0,0,0,0,0,0,0,0,0,0
2019-07-29,2,0,0,0,0,0,0,0,0,0,15,13.28,0.0,0.0,0,0,0,0,0,0,0,0,0,0,0,0,0
2019-07-30,1,0,0,0,0,0,0,0,0,0,34,28.749999999999996,0.0,0.0,0,0,0,0,0,0,0,0,0,0,0,0,0
2019-07-31,1,0,0,0,0,0,0,0,1,0,119,99.48,0.0,0.0,0,0,0,0,0,0,0,0,0,0,0,0,0
2019-08-01,3,0,0,0,0,0,0,0,3,0,69,57.71000000000001,0.0,0.0,0,0,0,0,0,0,0,0,0,0,0,0,0
2019-08-02,1,0,0,0,0,0,0,0,1,0,119,99.19,0.0,0.0,0,0,0,0,0,0,0,0,0,0,0,0,0
2019-08-03,5,0,0,1,0,2,0,0,3,0,46,38.77,0.0,0.0,0,0,0,0,0,0,0,0,0,0,0,0,0
2019-08-04,1,0,0,0,0,0,0,0,1,0,62,52.1,0.0,0.0,0,0,0,0,0,0,0,0,0,0,0,0,0
2019-08-05,1,0,0,0,0,0,0,0,0,0,12,10.01,0.0,0.0,0,0,0,0,0,0,0,0,0,0,0,0,0
2019-08-06,2,0,0,0,0,1,1,0,3,0,119,99.32,0.0,0.0,0,0,0,0,0,0,0,0,0,0,0,0,0
2019-08-07,4,0,0,0,0,0,0,0,4,0,66,55.78999999999999,0.0,0.0,0,0,0,0,0,0,0,0,0,0,0,0,0
2019-08-08,3,0,0,0,0,0,0,0,5,0,116,96.99,0.0,0.0,0,0,0,0,0,0,0,0,0,0,0,0,0
2019-08-09,1,0,0,0,0,0,0,0,0,0,0,0.75,0.0,0.0,0,0,0,0,0,0,0,0,0,0,0,0,0
2019-08-10,2,0,0,0,0,1,0,0,2,0,76,63.79,0.0,0.0,0,0,0,0,0,0,0,0,0,0,0,0,0
2019-08-11,0,0,0,0,0,0,1,0,0,0,0,0.0,0.0,0.0,0,0,0,0,0,0,0,0,0,0,0,0,0
2019-08-12,1,1,0,1,0,0,0,0,1,1,75,63.29,0.0,0.0,0,0,0,0,0,0,0,0,0,0,0,0,0
2019-08-13,0,0,0,0,0,1,0,0,0,0,0,0.0,0.0,0.0,0,0,0,0,0,0,0,0,0,0,0,0,0
2019-08-14,4,0,1,0,0,0,0,0,8,0,121,101.05,0.0,0.0,0,0,0,0,0,0,0,0,0,0,0,0,0
2019-08-15,2,1,0,0,0,0,0,0,3,1,90,75.58,0.0,0.0,0,0,0,0,0,0,0,0,0,0,0,0,0
2019-08-16,3,0,0,0,0,0,0,0,4,0,81,67.77,0.0,0.0,0,0,0,0,0,0,0,0,0,0,0,0,0
2019-08-17,4,1,0,0,0,0,0,0,6,1,101,84.87,0.0,0.0,0,0,0,0,0,0,0,0,0,0,0,0,0
2019-08-18,3,0,0,1,0,0,0,0,3,0,74,61.72,0.0,0.0,0,0,0,0,0,0,0,0,0,0,0,0,0
2019-08-19,5,0,0,0,0,0,0,0,5,0,70,58.62,0.0,0.0,0,0,0,0,0,0,0,0,0,0,0,1,0
2019-08-20,1,0,0,0,0,0,0,0,1,0,113,94.58,0.0,0.0,0,0,0,0,0,0,0,0,0,0,0,0,0
2019-08-21,1,0,0,0,0,0,0,0,2,0,147,122.83,0.0,0.0,0,0,0,0,0,0,0,0,0,0,0,0,0
2019-08-22,1,0,0,1,0,0,0,0,1,0,113,94.25,0.0,0.0,0,0,0,0,0,0,0,0,0,0,0,0,0
2019-08-23,1,0,0,0,0,0,0,0,0,0,48,40.45,0.0,0.0,0,0,0,0,0,0,0,0,0,0,0,0,0
2019-08-24,1,1,0,0,0,0,0,0,1,1,119,99.48,0.0,0.0,0,0,0,0,0,0,0,0,0,0,0,0,0
2019-08-26,3,0,0,0,0,0,0,0,2,0,47,39.23,0.0,0.0,0,0,0,0,0,0,0,0,0,0,0,0,0
2019-08-27,2,1,0,0,0,0,0,0,2,0,60,50.16,0.0,0.0,0,0,0,0,0,0,0,0,0,0,0,0,0
2019-08-28,2,0,0,0,0,0,0,0,3,0,104,87.21,0.0,0.0,0,0,0,0,0,0,0,0,0,0,0,0,0
2019-08-29,2,0,0,0,0,0,0,0,4,0,140,117.18000000000002,0.0,0.0,0,0,0,0,0,0,0,0,0,0,0,0,0
2019-08-31,1,0,0,0,0,0,0,0,1,0,119,99.42,0.0,0.0,0,0,0,0,0,0,0,0,0,0,0,0,0
2019-09-01,3,0,0,1,0,0,0,1,4,0,81,67.54,0.0,0.0,0,0,0,0,0,0,0,0,0,0,0,0,0
2019-09-02,1,0,0,0,0,0,0,0,1,0,111,92.89,0.0,0.0,0,0,0,0,0,0,0,0,0,0,0,0,0
2019-09-03,0,0,0,0,0,1,0,0,0,0,0,0.0,0.0,0.0,0,0,0,0,0,0,0,0,0,0,0,0,0
2019-09-04,3,0,0,0,0,0,0,0,2,0,53,44.57,0.0,0.0,0,0,0,0,0,0,0,0,0,0,0,0,0
2019-09-06,1,0,0,0,0,0,0,0,1,0,119,99.48,0.0,0.0,0,0,0,0,0,0,0,0,0,0,0,0,0
2019-09-07,3,0,0,0,0,0,0,0,4,0,85,71.0,0.0,0.0,0,0,0,0,0,0,0,0,0,0,0,0,0
2019-09-08,2,0,0,0,0,0,0,0,3,0,102,85.43,0.0,0.0,0,0,0,0,0,0,0,0,0,0,0,0,0
2019-09-10,1,0,0,0,0,0,1,0,0,0,2,2.39,0.0,0.0,0,0,0,0,0,0,0,0,0,0,0,0,0
2019-09-11,5,0,0,0,0,0,0,0,5,0,71,59.25,0.0,0.0,0,0,0,0,0,0,0,0,0,0,0,0,0
2019-09-13,1,0,0,0,0,0,0,0,1,0,119,99.48,0.0,0.0,0,0,0,0,0,0,0,0,0,0,0,0,0
2019-09-14,3,0,0,0,0,0,0,0,3,0,74,62.419999999999995,0.0,0.0,0,0,0,0,0,0,0,0,0,0,0,0,0
2019-09-15,1,0,0,0,0,0,0,0,1,0,101,84.67,0.0,0.0,0,0,0,0,0,0,0,0,0,0,0,0,0
2019-09-16,1,0,0,0,0,1,0,0,1,0,119,99.4,0.0,0.0,0,0,0,0,0,0,0,0,0,0,0,0,0
2019-09-17,6,0,0,0,0,0,1,0,7,0,79,66.09,0.0,0.0,0,0,0,0,0,0,0,0,0,0,0,0,0
2019-09-18,3,0,0,0,0,0,0,0,3,0,61,51.54,0.0,0.0,0,0,0,0,0,0,0,0,0,0,0,0,0
2019-09-19,1,0,0,0,0,0,0,0,0,0,4,3.62,0.0,0.0,0,0,0,0,0,0,0,0,0,0,0,0,0
2019-09-20,2,0,0,0,0,1,0,0,2,0,70,58.64,0.0,0.0,0,0,0,0,0,0,0,0,0,0,0,0,0
2019-09-21,2,0,0,0,0,0,0,0,1,0,56,47.33,0.0,0.0,0,0,0,0,0,0,0,0,0,0,0,0,0
2019-09-22,4,0,0,0,0,1,2,0,3,0,52,43.91,0.0,0.0,0,0,0,0,0,0,0,0,0,0,0,0,0
2019-09-23,3,0,0,0,0,0,0,0,2,0,41,34.82,0.0,0.0,0,0,0,0,0,0,0,0,0,0,0,0,0
2019-09-24,4,1,0,0,0,0,0,0,1,0,25,21.05,0.0,0.0,0,0,0,0,0,0,0,0,0,0,0,0,0
2019-09-25,0,0,0,0,0,1,0,0,0,0,0,0.0,0.0,0.0,0,0,0,0,0,0,0,0,0,0,0,0,0
2019-09-26,2,0,0,1,0,0,0,0,2,0,79,66.08,0.0,0.0,0,0,0,0,0,0,0,0,0,0,0,0,0
2019-09-27,1,0,0,0,0,0,0,0,2,0,122,102.42,0.0,0.0,0,0,0,0,0,0,0,0,0,0,0,0,0
2019-09-28,5,0,0,0,0,0,0,0,6,0,74,62.470000000000006,0.0,0.0,0,0,0,0,0,0,0,0,0,0,0,0,0
2019-09-29,2,0,0,0,0,0,0,0,3,0,103,86.62,0.0,0.0,0,0,0,0,0,0,0,0,0,0,0,0,0
2019-09-30,4,0,0,1,0,0,0,0,4,0,61,51.16,0.0,0.0,0,0,0,0,0,0,0,0,0,0,0,0,0
2019-10-01,2,0,0,0,0,0,0,1,1,0,38,31.739999999999995,0.0,0.0,0,0,0,0,0,0,0,0,0,0,0,0,0
2019-10-02,2,0,0,0,0,0,0,0,2,0,67,55.92,0.0,0.0,0,0,0,0,0,0,0,0,0,0,0,0,0
2019-10-03,1,0,0,0,0,0,0,0,2,0,132,110.33,0.0,0.0,0,0,0,0,0,0,0,0,0,0,0,0,0
2019-10-04,2,0,0,0,0,0,0,0,2,0,61,51.03,0.0,0.0,0,0,0,0,0,0,0,0,0,0,0,0,0
2019-10-05,1,0,0,1,0,1,0,0,1,0,105,88.25,0.0,0.0,0,0,0,0,0,0,0,0,0,0,0,0,0
2019-10-06,2,0,0,1,0,0,0,0,2,0,78,65.27,0.0,0.0,0,0,0,0,0,0,0,0,0,0,0,0,0
2019-10-08,5,0,0,0,0,0,0,0,6,0,80,67.06,0.0,0.0,0,0,0,0,0,0,0,0,0,0,0,0,0
2019-10-09,1,0,0,0,0,0,1,0,1,0,108,90.56,0.0,0.0,0,0,0,0,0,0,0,0,0,0,0,0,0
2019-10-10,2,0,0,0,0,0,0,0,3,0,103,86.41,0.0,0.0,0,0,0,0,0,0,0,0,0,0,0,0,0
2019-10-11,3,0,0,0,0,0,0,0,3,0,76,63.54,0.0,0.0,0,0,0,0,0,0,0,0,0,0,0,0,0
2019-10-12,3,0,0,0,0,0,0,0,1,0,38,31.7,0.0,0.0,0,0,0,0,0,0,0,0,0,0,0,0,0
2019-10-13,1,0,0,0,0,0,0,0,1,0,119,99.42,0.0,0.0,0,0,0,0,0,0,0,0,0,0,0,0,0
2019-10-14,1,0,0,0,0,0,0,0,1,0,119,99.42,0.0,0.0,0,0,0,0,0,0,0,0,0,0,0,0,0
2019-10-15,3,1,0,0,0,0,0,0,4,1,84,70.73,0.0,0.0,0,0,0,0,0,0,0,0,0,0,0,0,0
2019-10-17,2,0,0,0,0,0,0,1,3,0,108,90.03,0.0,0.0,0,0,0,0,0,0,0,0,0,0,0,0,0
2019-10-19,1,0,0,0,0,0,0,0,1,0,119,99.48,0.0,0.0,0,0,0,0,0,0,0,0,0,0,0,0,0
2019-10-20,2,0,0,1,0,0,0,0,3,0,118,98.4,0.0,0.0,0,0,0,0,0,0,0,0,0,0,0,0,0
2019-10-21,2,0,0,0,0,0,0,0,3,0,119,99.29,0.0,0.0,0,0,0,0,0,0,0,0,0,0,0,0,0
2019-10-22,1,0,0,0,0,0,0,0,1,0,112,94.01,0.0,0.0,0,0,0,0,0,0,0,0,0,0,0,0,0
2019-10-23,1,0,0,1,0,1,0,0,1,0,119,99.48,0.0,0.0,0,0,0,0,0,0,0,0,0,0,0,0,0
2019-10-24,3,0,0,0,0,0,0,0,2,0,59,49.67,0.0,0.0,0,0,0,0,0,0,0,0,0,0,0,0,0
2019-10-26,2,0,0,0,0,1,0,0,2,0,65,54.92,0.0,0.0,0,0,0,0,0,0,0,0,0,0,0,0,0
2019-10-27,2,0,0,1,0,0,1,0,3,0,90,75.12,0.0,0.0,0,0,0,0,0,0,0,0,0,0,0,0,0
2019-10-28,1,0,0,0,0,0,0,0,1,0,113,94.43,0.0,0.0,0,0,0,0,0,0,0,0,0,0,0,0,0
2019-10-29,2,0,0,0,0,1,1,0,1,0,40,34.13,0.0,0.0,0,0,0,0,0,0,0,0,0,0,0,1,0
2019-10-30,2,0,0,1,0,0,0,0,2,0,70,58.95,0.0,0.0,0,0,0,0,0,0,0,0,0,0,0,0,0
2019-10-31,1,0,0,0,0,0,0,0,0,0,46,38.87,0.0,0.0,0,0,0,0,0,0,0,0,0,0,0,0,0
2019-11-01,3,0,0,0,0,2,1,0,2,0,52,44.06,0.0,0.0,0,0,0,0,0,0,0,0,0,0,0,0,0
2019-11-02,2,0,0,0,0,0,0,0,2,0,64,53.75,0.0,0.0,0,0,0,0,0,0,0,0,0,0,0,1,0
2019-11-03,1,0,0,0,0,0,0,0,1,0,119,99.42,0.0,0.0,0,0,0,0,0,0,0,0,0,0,0,0,0
2019-11-04,5,0,0,0,0,0,0,0,1,0,23,19.24,0.0,0.0,0,0,0,0,0,0,0,0,0,0,0,0,0
2019-11-06,2,0,0,0,0,0,0,0,1,0,32,27.0,0.0,0.0,0,0,0,0,0,0,0,0,0,0,0,0,0
2019-11-07,2,0,0,0,0,1,0,0,2,0,60,50.17,0.0,0.0,0,0,0,0,0,0,0,0,0,0,0,0,0
2019-11-08,1,0,0,0,0,0,0,0,1,0,111,92.71,0.0,0.0,0,0,0,0,0,0,0,0,0,0,0,0,0
2019-11-09,3,0,0,0,0,1,0,0,2,0,47,39.49,0.0,0.0,0,0,0,0,0,0,0,0,0,0,0,0,0
2019-11-10,1,0,0,0,0,0,0,0,1,0,112,94.13,0.0,0.0,0,0,0,0,0,0,0,0,0,0,0,0,0
2019-11-12,2,0,0,0,0,0,0,0,2,0,62,52.38,0.0,0.0,0,0,0,0,0,0,0,0,0,0,0,0,0
2019-11-13,4,0,0,0,0,0,0,0,3,0,53,44.55,0.0,0.0,0,0,0,0,0,0,0,0,0,0,0,0,0
2019-11-18,1,0,0,0,0,0,0,0,1,0,90,75.17,0.0,0.0,0,0,0,0,0,0,0,0,0,0,0,0,0
2019-11-19,1,0,0,0,0,0,0,0,0,0,39,33.08,0.0,0.0,0,0,0,0,0,0,0,0,0,0,0,0,0
2019-11-20,2,0,0,0,0,0,0,0,1,0,57,48.25,0.0,0.0,0,0,0,0,0,0,0,0,0,0,0,0,0
2019-11-21,1,0,0,0,0,0,0,0,0,0,59,49.51,0.0,0.0,0,0,0,0,0,0,0,0,0,0,0,0,0
2019-11-23,2,0,0,0,0,0,0,0,2,0,61,51.31,0.0,0.0,0,0,0,0,0,0,0,0,0,0,0,0,0
2019-11-24,1,0,0,1,0,0,0,0,1,0,119,99.42,0.0,0.0,0,0,0,0,0,0,0,0,0,0,0,0,0
2019-11-25,1,0,0,0,0,0,0,0,1,0,119,99.42,0.0,0.0,0,0,0,0,0,0,0,0,0,0,0,0,0
2019-11-26,1,0,0,1,0,0,0,0,1,0,119,99.42,0.0,0.0,0,0,0,0,0,0,0,0,0,0,0,0,0
2019-11-27,3,2,0,0,0,0,0,0,2,2,48,40.02,0.0,0.0,0,0,0,0,0,0,0,0,0,0,0,0,0
2019-12-01,1,0,0,0,0,0,0,0,1,0,119,99.48,0.0,0.0,0,0,0,0,0,0,0,0,0,0,0,0,0
2019-12-02,1,0,0,0,0,0,0,0,1,0,115,96.33,0.0,0.0,0,0,0,0,0,0,0,0,0,0,0,1,0
2019-12-04,1,0,0,0,0,0,0,0,0,0,11,9.73,0.0,0.0,0,0,0,0,0,0,0,0,0,0,0,0,0
2019-12-05,1,0,0,0,0,0,0,0,0,0,0,0.58,0.0,0.0,0,0,0,0,0,0,0,0,0,0,0,0,0
2019-12-06,1,1,0,0,0,0,0,0,0,0,10,9.01,0.0,0.0,0,0,0,0,0,0,0,0,0,0,0,0,0
2019-12-07,1,0,0,0,0,0,0,0,1,0,105,87.57,0.0,0.0,0,0,0,0,0,0,0,0,0,0,0,0,0
2019-12-08,6,0,0,0,0,0,0,0,6,0,65,55.00000000000001,0.0,0.0,0,0,0,0,0,0,0,0,0,0,0,0,0
2019-12-10,4,0,0,0,0,0,0,0,3,0,52,43.47,0.0,0.0,0,0,0,0,0,0,0,0,0,0,0,0,0
2019-12-13,1,0,0,0,0,0,0,0,1,0,119,99.42,0.0,0.0,0,0,0,0,0,0,0,0,0,0,0,0,0
2019-12-14,2,0,0,0,0,0,0,0,2,0,62,51.83,0.0,0.0,0,0,0,0,0,0,0,0,0,0,0,0,0
2019-12-15,3,0,0,0,0,0,0,0,4,0,84,70.05,0.0,0.0,0,0,0,0,0,0,0,0,0,0,0,0,0
2019-12-17,1,0,0,0,0,0,0,0,1,0,119,99.17,0.0,0.0,0,0,0,0,0,0,0,0,0,0,0,0,0
2019-12-18,1,0,0,0,0,0,0,0,1,0,119,99.48,0.0,0.0,0,0,0,0,0,0,0,0,0,0,0,0,0
2019-12-19,3,0,0,1,0,0,0,0,5,0,119,99.47,0.0,0.0,0,0,0,0,0,0,0,0,0,0,0,0,0
2019-12-20,1,0,0,0,0,0,0,0,1,0,71,59.67,0.0,0.0,0,0,0,0,0,0,0,0,0,0,0,0,0
2019-12-21,1,0,0,0,0,0,0,0,0,0,16,14.000000000000002,0.0,0.0,0,0,0,0,0,0,0,0,0,0,0,0,0
2019-12-22,1,0,0,0,0,0,0,0,0,0,37,31.58,0.0,0.0,0,0,0,0,0,0,0,0,0,0,0,0,0
2019-12-24,2,0,0,0,0,0,0,0,0,0,23,19.92,0.0,0.0,0,0,0,0,0,0,0,0,0,0,0,0,0
2019-12-25,5,0,0,0,0,0,0,0,4,0,55,46.45,0.0,0.0,0,0,0,0,0,0,0,0,0,0,0,0,0
2019-12-26,7,0,0,0,0,0,0,0,6,0,57,47.61,0.0,0.0,0,0,0,0,0,0,0,0,0,0,0,0,0
2019-12-27,1,0,0,0,0,0,0,0,1,0,119,99.48,0.0,0.0,0,0,0,0,0,0,0,0,0,0,0,0,0
2019-12-28,1,0,0,1,0,0,0,0,0,0,54,45.13,0.0,0.0,0,0,0,0,0,0,0,0,0,0,0,0,0
2019-12-29,3,0,0,0,0,0,0,0,2,0,50,42.24,0.0,0.0,0,0,0,0,0,0,0,0,0,0,0,0,0
2019-12-31,5,1,0,0,0,0,0,0,9,1,116,97.2,0.0,0.0,0,0,0,0,0,0,0,0,0,0,0,0,0
2020-01-01,1,0,0,0,0,0,0,0,0,0,1,1.6099999999999999,0.0,0.0,0,0,0,0,0,0,0,0,0,0,0,0,0
2020-01-02,1,0,0,0,0,0,0,0,1,0,119,99.42,0.0,0.0,0,0,0,0,0,0,0,0,0,0,0,0,0
2020-01-05,1,0,0,0,0,0,0,0,1,0,116,96.69,0.0,0.0,0,0,0,0,0,0,0,0,0,0,0,0,0
2020-01-06,1,0,0,0,0,0,0,0,1,0,119,99.17,0.0,0.0,0,0,0,0,0,0,0,0,0,0,0,0,0
2020-01-07,16,0,0,0,0,0,0,0,6,0,24,20.64,0.0,0.0,0,0,0,0,0,0,0,0,0,0,0,0,0
2020-01-08,5,0,0,0,0,0,0,0,5,0,67,56.61000000000001,0.0,0.0,0,0,0,0,0,0,0,0,0,0,0,0,0
2020-01-09,1,0,0,0,0,0,0,0,1,0,96,80.19,0.0,0.0,0,0,0,0,0,0,0,0,0,0,0,0,0
2020-01-12,3,0,0,0,0,0,0,0,2,0,42,35.44,0.0,0.0,0,0,0,0,0,0,0,0,0,0,0,0,0
2020-01-14,4,0,0,0,0,0,0,0,7,0,119,99.42,0.0,0.0,0,0,0,0,0,0,0,0,0,0,0,0,0
2020-01-15,1,0,0,0,0,0,0,0,1,0,119,99.42,0.0,0.0,0,0,0,0,0,0,0,0,0,0,0,0,0
2020-01-16,1,0,0,0,0,0,0,0,1,0,119,99.42,0.0,0.0,0,0,0,0,0,0,0,0,0,0,0,0,0
2020-01-17,2,0,0,1,0,0,0,0,1,0,39,32.78,0.0,0.0,0,0,0,0,0,0,0,0,0,0,0,0,0
2020-01-18,4,0,0,0,0,0,0,0,0,0,10,8.38,0.0,0.0,0,0,0,0,0,0,0,0,0,0,0,0,0
2020-01-19,2,2,0,1,0,0,0,0,2,2,65,54.730000000000004,0.0,0.0,0,0,0,0,0,0,0,0,0,0,0,0,0
2020-01-20,2,0,0,0,0,0,0,0,2,0,66,55.13,0.0,0.0,0,0,0,0,0,0,0,0,0,0,0,0,0
2020-01-21,4,0,0,0,0,0,0,0,1,0,26,21.82,0.0,0.0,0,0,0,0,0,0,0,0,0,0,0,0,0
2020-01-22,1,0,0,0,0,0,0,0,0,0,6,5.67,0.0,0.0,0,0,0,0,0,0,0,0,0,0,0,0,0
2020-01-23,3,0,0,0,0,0,0,0,4,0,83,69.34,0.0,0.0,0,0,0,0,0,0,0,0,0,0,0,0,0
2020-01-26,2,0,0,0,0,0,0,0,2,0,79,66.02,0.0,0.0,0,0,0,0,0,0,0,0,0,0,0,0,0
2020-01-27,2,0,0,0,0,0,0,0,2,0,73,61.28,0.0,0.0,0,0,0,0,0,0,0,0,0,0,0,0,0
2020-01-28,1,0,0,0,0,0,0,0,1,0,112,93.54,0.0,0.0,0,0,0,0,0,0,0,0,0,0,0,0,0
2020-01-29,2,1,0,1,0,0,0,0,3,1,113,94.29,0.0,0.0,0,0,0,0,0,0,0,0,0,0,0,0,0
2020-01-30,1,0,0,0,0,0,0,0,0,0,2,2.42,0.0,0.0,0,0,0,0,0,0,0,0,0,0,0,0,0
2020-01-31,1,0,0,0,0,0,0,0,1,0,119,99.17,0.0,0.0,0,0,0,0,0,0,0,0,0,0,0,0,0
2020-02-03,1,0,0,0,0,0,0,0,1,0,80,66.67,0.0,0.0,0,0,0,0,0,0,0,0,0,0,0,0,0
2020-02-05,1,0,0,0,0,0,0,0,0,0,5,4.4,0.0,0.0,0,0,0,0,0,0,0,0,0,0,0,0,0
2020-02-07,1,0,0,0,0,0,0,0,1,0,112,93.92,0.0,0.0,0,0,0,0,0,0,0,0,0,0,0,0,0
2020-02-09,2,0,0,1,0,0,0,0,4,0,130,108.57,0.0,0.0,0,0,0,0,0,0,0,0,0,0,0,0,0
2020-02-10,2,0,0,0,0,0,0,0,1,0,57,48.11,0.0,0.0,0,0,0,0,0,0,0,0,0,0,0,0,0
2020-02-11,1,0,0,0,0,0,0,0,0,0,0,0.0,0.0,0.0,0,0,0,0,0,0,0,0,0,0,0,0,0
2020-02-13,4,0,0,1,0,1,1,0,7,0,108,90.27,0.0,0.0,0,0,0,0,0,0,0,0,0,0,0,0,0
2020-02-14,1,0,0,0,0,0,0,0,1,0,115,96.07,0.0,0.0,0,0,0,0,0,0,0,0,0,0,0,0,0
2020-02-15,1,0,0,0,0,0,0,0,1,0,113,94.17,0.0,0.0,0,0,0,0,0,0,0,0,0,0,0,0,0
2020-02-17,1,0,0,0,0,0,0,0,1,0,119,99.44,0.0,0.0,0,0,0,0,0,0,0,0,0,0,0,1,0
2020-02-20,1,0,0,0,0,0,0,0,1,0,113,94.25,0.0,0.0,0,0,0,0,0,0,0,0,0,0,0,0,0
2020-02-23,1,1,0,0,0,0,0,0,1,1,119,99.17,0.0,0.0,0,0,0,0,0,0,0,0,0,0,0,0,0
2020-02-24,2,0,0,0,0,0,0,0,3,0,117,98.0,0.0,0.0,0,0,0,0,0,0,0,0,0,0,0,1,0
2020-02-25,2,0,0,0,0,1,0,0,0,0,6,5.45,0.0,0.0,0,0,0,0,0,0,0,0,0,0,0,0,0
2020-02-26,3,0,0,1,0,0,1,0,3,0,62,52.400000000000006,0.0,0.0,0,0,0,0,0,0,0,0,0,0,0,0,1
2020-02-27,1,0,0,0,0,0,0,0,1,0,119,99.63,0.0,0.0,0,0,0,0,0,0,0,0,0,0,0,0,0
2020-02-28,3,0,0,0,0,0,0,0,5,0,108,90.35,0.0,0.0,0,0,0,0,0,0,0,0,0,0,0,0,0
2020-02-29,1,0,0,0,0,0,0,0,0,0,1,1.58,0.0,0.0,0,0,0,0,0,0,0,0,0,0,0,0,0
2020-03-01,1,0,0,0,0,0,0,0,1,0,84,70.22,0.0,0.0,0,0,0,0,0,0,0,0,0,0,0,0,0
2020-03-02,1,1,0,0,0,0,0,0,1,1,119,99.42,0.0,0.0,0,0,0,0,0,0,0,0,0,0,0,0,0
2020-03-04,1,0,0,0,0,0,0,0,1,0,119,99.42,0.0,0.0,0,0,0,0,0,0,0,0,0,0,0,0,0
2020-03-05,1,0,0,-1,0,0,0,0,0,0,14,11.79,0.0,0.0,0,0,0,0,0,0,0,0,0,0,0,0,0
2020-03-07,3,0,0,0,0,0,0,0,4,0,82,68.67,0.0,0.0,0,0,0,0,0,0,0,0,0,0,0,0,0
2020-03-08,2,0,0,0,0,0,0,0,3,0,117,98.23,0.0,0.0,0,0,0,0,0,0,0,0,0,0,0,0,0
2020-03-09,1,0,0,0,0,0,0,0,0,0,35,29.69,0.0,0.0,0,0,0,0,0,0,0,0,0,0,0,0,0
2020-03-11,2,0,0,0,0,0,0,0,1,0,47,39.83,0.0,0.0,0,0,0,0,0,0,0,0,0,0,0,0,0
2020-03-14,2,0,0,0,0,0,0,0,0,0,8,7.02,0.0,0.0,0,0,0,0,0,0,0,0,0,0,0,0,0
2020-03-18,1,0,0,0,0,0,0,0,2,0,143,119.35,0.0,0.0,0,0,0,0,0,0,0,0,0,0,0,0,0
2020-03-19,1,0,0,0,0,0,0,1,0,0,16,13.98,0.0,0.0,0,0,0,0,0,0,0,0,0,0,0,0,0
2020-03-20,2,0,0,0,0,0,0,0,2,0,71,59.58,0.0,0.0,0,0,0,0,0,0,0,0,0,0,0,0,0
2020-03-21,4,1,0,0,0,0,0,0,4,0,62,52.03,0.0,0.0,0,0,0,0,0,0,0,0,0,0,0,0,0
2020-03-22,4,0,0,0,0,0,0,0,3,0,53,44.18,0.0,0.0,0,0,0,0,0,0,0,0,0,0,0,0,0
2020-03-24,2,0,0,0,0,0,0,0,1,0,59,49.41,0.0,0.0,0,0,0,0,0,0,0,0,0,0,0,0,0
2020-03-25,1,0,0,0,0,0,0,0,0,0,3,3.0,0.0,0.0,0,0,0,0,0,0,0,0,0,0,0,0,0
2020-03-26,2,0,0,0,0,0,0,0,0,0,13,11.42,0.0,0.0,0,0,0,0,0,0,0,0,0,0,0,0,0
2020-03-27,2,0,0,0,0,0,0,0,3,0,119,99.3,0.0,0.0,0,0,0,0,0,0,0,0,0,0,0,0,0
2020-03-29,3,0,0,0,0,0,0,0,6,0,129,108.01,0.0,0.0,0,0,0,0,0,0,0,0,0,0,0,1,0
2020-04-01,1,0,0,0,0,0,0,0,1,0,119,99.42,0.0,0.0,0,0,0,0,0,0,0,0,0,0,0,0,0
2020-04-02,2,0,0,0,0,0,0,0,2,0,73,61.17,0.0,0.0,0,0,0,0,0,0,0,0,0,0,0,0,0
2020-04-04,1,0,0,0,0,0,0,0,1,0,119,99.17,0.0,0.0,0,0,0,0,0,0,0,0,0,0,0,0,0
2020-04-05,1,0,0,0,0,1,1,0,0,0,29,24.42,0.0,0.0,0,0,0,0,0,0,0,0,0,0,0,0,0
2020-04-08,6,0,0,1,0,0,0,0,3,0,37,31.259999999999998,0.0,0.0,0,0,0,0,0,0,0,0,0,0,0,0,0
2020-04-09,2,2,0,1,0,0,0,0,3,3,119,99.42,0.0,0.0,0,0,0,0,0,0,0,0,0,0,0,0,0
2020-04-11,2,1,0,0,0,0,0,0,2,1,88,73.94,0.0,0.0,0,0,0,0,0,0,0,0,0,0,0,0,0
2020-04-12,2,1,0,-1,0,1,1,0,2,0,60,50.7,0.0,0.0,0,0,0,0,0,0,0,0,0,0,0,1,0
2020-04-16,2,0,0,0,0,0,0,0,2,0,66,55.230000000000004,0.0,0.0,0,0,0,0,0,0,0,0,0,0,0,0,0
2020-04-18,0,0,0,0,0,0,1,0,0,0,0,0.0,0.0,0.0,0,0,0,0,0,0,0,0,0,0,0,0,0
2020-04-20,1,0,1,1,0,0,0,0,1,0,119,99.17,0.0,0.0,0,0,0,0,0,0,0,0,0,0,0,0,0
2020-04-21,1,0,0,0,0,1,0,0,1,0,111,92.59,0.0,0.0,0,0,0,0,0,0,0,0,0,0,0,0,0
2020-04-22,8,0,0,-1,0,0,0,0,5,0,38,31.78,0.0,0.0,0,0,0,0,0,0,0,0,0,0,0,0,0
2020-04-24,1,0,0,0,0,0,0,0,1,0,84,70.36,0.0,0.0,0,0,0,0,0,0,0,0,0,0,0,0,0
2020-04-25,4,0,0,1,0,0,0,0,2,0,35,29.21,0.0,0.0,0,0,0,0,0,0,0,0,0,0,0,0,0
2020-04-26,13,0,0,0,0,0,0,1,6,0,31,26.33,0.0,0.0,0,0,0,0,0,0,0,0,0,0,0,0,0
2020-04-27,3,0,0,0,0,0,0,0,5,0,101,84.9,0.0,0.0,0,0,0,0,0,0,0,0,0,0,0,0,0
2020-04-28,2,0,0,0,0,0,0,0,2,0,80,66.93,0.0,0.0,0,0,0,0,0,0,0,0,0,0,0,0,0
2020-04-29,1,0,0,0,0,0,0,0,0,0,22,18.93,0.0,0.0,0,0,0,0,0,0,0,0,0,0,0,0,0
2020-05-01,3,1,0,1,0,0,0,0,3,0,78,65.36,0.0,0.0,0,0,0,0,0,0,0,0,0,0,0,0,0
2020-05-02,1,0,0,-1,0,1,0,0,0,0,2,2.36,0.0,0.0,0,0,0,0,0,0,0,0,0,0,0,0,0
2020-05-03,2,0,0,0,0,0,0,0,0,0,9,8.01,0.0,0.0,0,0,0,0,0,0,0,0,0,0,0,0,0
2020-05-04,1,0,0,0,0,0,1,0,0,0,20,17.08,0.0,0.0,0,0,0,0,0,0,0,0,0,0,0,0,0
2020-05-05,2,0,0,0,0,0,0,0,2,0,69,57.60000000000001,0.0,0.0,0,0,0,0,0,0,0,0,0,0,0,0,0
2020-05-06,3,1,0,0,0,0,1,0,5,1,102,85.62,0.0,0.0,0,0,0,0,0,0,0,0,0,0,0,0,0
2020-05-07,1,0,0,1,0,0,0,0,1,0,119,99.42,0.0,0.0,0,0,0,0,0,0,0,0,0,0,0,0,0
2020-05-08,1,0,0,0,0,0,0,0,0,0,4,4.08,0.0,0.0,0,0,0,0,0,0,0,0,0,0,0,0,0
2020-05-10,5,0,0,0,0,0,0,0,4,0,57,48.17,0.0,0.0,0,0,0,0,0,0,0,0,0,0,0,0,0
2020-05-12,1,0,0,0,0,0,0,0,1,0,119,99.42,0.0,0.0,0,0,0,0,0,0,0,0,0,0,0,0,0
2020-05-13,3,0,0,0,0,0,0,0,2,0,42,35.06,0.0,0.0,0,0,0,0,0,0,0,0,0,0,0,0,0
2020-05-14,4,0,0,0,0,0,0,0,6,0,90,75.79,0.0,0.0,0,0,0,0,0,0,0,0,0,0,0,0,0
2020-05-15,2,0,0,0,0,0,0,0,3,0,116,96.83,0.0,0.0,0,0,0,0,0,0,0,0,0,0,0,0,0
2020-05-16,2,0,0,0,0,0,0,0,1,0,41,34.45,0.0,0.0,0,0,0,0,0,0,0,0,0,0,0,0,0
2020-05-17,1,0,0,0,0,0,0,0,1,0,111,93.06,0.0,0.0,0,0,0,0,0,0,0,0,0,0,0,0,0
2020-05-18,5,0,0,0,0,0,0,0,3,0,37,31.17,0.0,0.0,0,0,0,0,0,0,0,0,0,0,0,0,0
2020-05-19,2,0,0,1,0,0,0,0,2,0,68,56.87,0.0,0.0,0,0,0,0,0,0,0,0,0,0,0,0,0
2020-05-20,1,0,0,0,0,0,0,0,1,0,119,99.42,0.0,0.0,0,0,0,0,0,0,0,0,0,0,0,0,0
2020-05-21,1,0,0,0,0,1,0,0,1,0,119,99.67,0.0,0.0,0,0,0,0,0,0,0,0,0,0,0,0,0
2020-05-22,2,0,0,0,0,0,0,0,2,0,72,60.17,0.0,0.0,0,0,0,0,0,0,0,0,0,0,0,0,0
2020-05-24,1,0,0,0,0,0,0,0,1,0,119,99.44,0.0,0.0,0,0,0,0,0,0,0,0,0,0,0,0,0
2020-05-25,1,0,0,0,0,0,0,0,1,0,118,98.42,0.0,0.0,0,0,0,0,0,0,0,0,0,0,0,0,0
2020-05-26,2,1,0,0,0,0,1,0,3,1,112,93.46,0.0,0.0,0,0,0,0,0,0,0,0,0,0,0,0,0
2020-05-27,3,0,0,0,0,0,0,0,3,0,74,62.2,0.0,0.0,0,0,0,0,0,0,0,0,0,0,0,0,0
2020-05-28,3,0,0,0,0,0,0,0,4,0,89,74.9,0.0,0.0,0,0,0,0,0,0,0,0,0,0,0,0,0
2020-05-29,3,0,0,1,0,0,0,0,5,0,103,85.89,0.0,0.0,0,0,0,0,0,0,0,0,0,0,0,0,0
2020-05-30,4,0,0,0,0,0,0,0,7,0,117,98.16,0.0,0.0,0,0,0,0,0,0,0,0,0,0,0,0,0
2020-05-31,3,0,0,1,0,0,0,0,2,0,59,49.46,0.0,0.0,0,0,0,0,0,0,0,0,0,0,0,0,0
2020-06-01,2,0,0,0,0,0,0,0,2,0,70,58.86,0.0,0.0,0,0,0,0,0,0,0,0,0,0,0,0,0
2020-06-02,2,0,0,0,0,1,1,0,2,0,81,67.58,0.0,0.0,0,0,0,0,0,0,0,0,0,0,0,0,0
2020-06-03,3,0,0,0,0,0,0,0,2,0,52,43.6,0.0,0.0,0,0,0,0,0,0,0,0,0,0,0,0,0
2020-06-04,2,0,0,0,0,0,0,0,2,0,88,73.96,0.0,0.0,0,0,0,0,0,0,0,0,0,0,0,0,0
2020-06-05,2,0,0,0,0,0,0,0,4,0,124,103.75000000000001,0.0,0.0,0,0,0,0,0,0,0,0,0,0,0,0,0
2020-06-06,2,1,0,0,0,0,0,0,2,0,81,67.92,0.0,0.0,0,0,0,0,0,0,0,0,0,0,0,0,0
2020-06-08,1,0,0,0,0,0,0,0,1,0,119,99.44,0.0,0.0,0,0,0,0,0,0,0,0,0,0,0,0,0
2020-06-10,1,0,0,0,0,0,0,0,1,0,84,70.23,0.0,0.0,0,0,0,0,0,0,0,0,0,0,0,0,0
2020-06-11,2,1,0,0,0,0,0,0,0,0,21,18.04,0.0,0.0,0,0,0,0,0,0,0,0,0,0,0,0,0
2020-06-12,2,0,0,0,0,0,0,0,3,0,117,98.1,0.0,0.0,0,0,0,0,0,0,0,0,0,0,0,0,0
2020-06-13,3,0,0,0,0,0,0,0,5,0,116,97.08,0.0,0.0,0,0,0,0,0,0,0,0,0,0,0,0,0
2020-06-14,1,0,0,0,0,0,0,0,2,0,125,104.58000000000001,0.0,0.0,0,0,0,0,0,0,0,0,0,0,0,0,0
2020-06-15,1,0,0,0,0,0,0,0,0,0,7,6.43,0.0,0.0,0,0,0,0,0,0,0,0,0,0,0,0,0
2020-06-16,1,0,0,0,0,0,0,2,0,0,5,4.89,0.0,0.0,0,0,0,0,0,0,0,0,0,0,0,0,0
2020-06-17,1,0,0,0,0,0,0,0,0,0,4,3.5699999999999994,0.0,0.0,0,0,0,0,0,0,0,0,0,0,0,0,0
2020-06-18,1,0,0,0,0,0,0,0,1,0,119,99.42,0.0,0.0,0,0,0,0,0,0,0,0,0,0,0,0,0
2020-06-19,2,0,0,0,0,0,0,0,2,0,70,58.41,0.0,0.0,0,0,0,0,0,0,0,0,0,0,0,0,0
2020-06-20,1,0,0,0,0,0,0,0,1,0,119,99.17,0.0,0.0,0,0,0,0,0,0,0,0,0,0,0,0,0
2020-06-21,4,0,0,0,0,0,0,0,4,0,72,60.41,0.0,0.0,0,0,0,0,0,0,0,0,0,0,0,0,0
2020-06-22,3,1,0,1,0,0,0,0,4,1,98,81.69,0.0,0.0,0,0,0,0,0,0,0,0,0,0,0,0,0
2020-06-23,1,0,0,0,0,0,0,0,1,0,109,91.45,0.0,0.0,0,0,0,0,0,0,0,0,0,0,0,0,0
2020-06-24,2,0,0,0,0,0,0,0,0,0,12,10.17,0.0,0.0,0,0,0,0,0,0,0,0,0,0,0,0,0
2020-06-25,1,0,0,0,0,0,0,0,0,0,40,33.94,0.0,0.0,0,0,0,0,0,0,0,0,0,0,0,0,0
2020-06-26,2,0,0,0,0,0,0,0,3,0,116,97.49,0.0,0.0,0,0,0,0,0,0,0,0,0,0,0,0,0
2020-06-27,1,0,0,0,0,0,0,0,0,0,11,9.17,0.0,0.0,0,0,0,0,0,0,0,0,0,0,0,0,0
2020-06-28,3,2,0,0,0,0,0,0,3,1,62,51.72,0.0,0.0,0,0,0,0,0,0,0,0,0,0,0,0,0
2020-06-29,1,0,0,0,0,0,0,0,0,0,20,16.68,0.0,0.0,0,0,0,0,0,0,0,0,0,0,0,0,0
2020-07-01,2,0,0,0,0,0,0,0,3,0,116,96.9,0.0,0.0,0,0,0,0,0,0,0,0,0,0,0,0,0
2020-07-02,1,0,0,0,0,0,0,0,1,0,106,88.4,0.0,0.0,0,0,0,0,0,0,0,0,0,0,0,0,0
2020-07-03,6,0,0,0,0,0,0,0,6,0,66,55.059999999999995,0.0,0.0,0,0,0,0,0,0,0,0,0,0,0,0,0
2020-07-04,3,0,0,1,0,0,0,0,2,0,47,39.31,0.0,0.0,0,0,0,0,0,0,0,0,0,0,0,0,0
2020-07-05,2,0,0,0,0,0,0,0,3,0,116,96.94,0.0,0.0,0,0,0,0,0,0,0,0,0,0,0,0,0
2020-07-06,2,0,0,0,0,0,0,0,3,0,119,99.44,0.0,0.0,0,0,0,0,0,0,0,0,0,0,0,0,0
2020-07-07,1,0,0,0,0,0,0,0,0,0,0,0.28,0.0,0.0,0,0,0,0,0,0,0,0,0,0,0,0,0
2020-07-08,2,1,0,0,0,0,0,0,1,0,43,36.27,0.0,0.0,0,0,0,0,0,0,0,0,0,0,0,0,0
2020-07-09,1,1,0,0,0,0,0,0,0,0,3,2.5,0.0,0.0,0,0,0,0,0,0,0,0,0,0,0,0,0
2020-07-10,2,0,0,0,0,0,0,0,1,0,59,49.28,0.0,0.0,0,0,0,0,0,0,0,0,0,0,0,0,0
2020-07-11,1,0,0,0,0,0,0,0,0,0,8,6.67,0.0,0.0,0,0,0,0,0,0,0,0,0,0,0,0,0
2020-07-13,1,0,0,0,0,0,0,0,1,0,112,94.08,0.0,0.0,0,0,0,0,0,0,0,0,0,0,0,0,0
2020-07-14,2,0,0,0,0,0,0,0,3,0,91,76.57,0.0,0.0,0,0,0,0,0,0,0,0,0,0,0,0,0
2020-07-16,1,0,0,0,0,1,0,0,0,0,3,3.25,0.0,0.0,0,0,0,0,0,0,0,0,0,0,0,0,0
2020-07-18,2,0,0,0,0,1,0,0,2,0,66,55.11000000000001,0.0,0.0,0,0,0,0,0,0,0,0,0,0,0,0,0
2020-07-19,1,0,0,0,0,0,0,0,0,0,36,30.579999999999995,0.0,0.0,0,0,0,0,0,0,0,0,0,0,0,0,0
2020-07-21,1,0,0,0,0,0,0,0,0,0,14,11.7,0.0,0.0,0,0,0,0,0,0,0,0,0,0,0,0,0
2020-07-24,1,0,0,0,0,0,0,0,0,0,1,1.58,0.0,0.0,0,0,0,0,0,0,0,0,0,0,0,0,0
2020-07-25,2,0,0,0,0,0,0,0,2,0,62,52.42,0.0,0.0,0,0,0,0,0,0,0,0,0,0,0,0,0
2020-07-27,1,0,0,0,0,0,0,0,1,0,114,95.36,0.0,0.0,0,0,0,0,0,0,0,0,0,0,0,1,0
2020-07-29,4,2,1,2,0,0,0,0,7,2,118,99.14,0.0,0.0,0,0,0,0,0,0,0,0,0,0,0,0,0
2020-07-30,2,0,0,0,0,0,0,0,3,0,91,75.96,0.0,0.0,0,0,0,0,0,0,0,0,0,0,0,0,0
2020-07-31,2,1,0,0,0,0,0,0,2,0,64,53.98,0.0,0.0,0,0,0,0,0,0,0,0,0,0,0,0,0
2020-08-02,1,0,0,0,0,0,0,0,2,0,123,103.08,0.0,0.0,0,0,0,0,0,0,0,0,0,0,0,0,0
2020-08-04,1,0,0,0,0,0,0,0,1,0,111,92.94,0.0,0.0,0,0,0,0,0,0,0,0,0,0,0,0,0
2020-08-06,0,0,0,0,0,1,0,0,0,0,0,0.0,0.0,0.0,0,0,0,0,0,0,0,0,0,0,0,0,0
2020-08-08,1,0,0,0,0,2,1,0,0,0,40,33.42,0.0,0.0,0,0,0,0,0,0,0,0,0,0,0,0,0
2020-08-09,2,1,0,0,0,1,1,0,2,1,86,71.83,0.0,0.0,0,0,0,0,0,0,0,0,0,0,0,0,0
2020-08-10,1,0,0,0,0,0,0,0,0,0,35,29.17,0.0,0.0,0,0,0,0,0,0,0,0,0,0,0,0,0
2020-08-11,1,0,0,0,0,0,0,0,1,0,106,89.08,0.0,0.0,0,0,0,0,0,0,0,0,0,0,0,0,0
2020-08-12,1,0,0,0,0,0,0,0,1,0,88,73.88,0.0,0.0,0,0,0,0,0,0,0,0,0,0,0,0,0
2020-08-14,2,0,0,0,0,0,0,0,0,0,3,3.27,0.0,0.0,0,0,0,0,0,0,0,0,0,0,0,0,0
2020-08-15,1,0,0,0,0,0,0,0,0,0,26,21.67,0.0,0.0,0,0,0,0,0,0,0,0,0,0,0,0,0
2020-08-16,2,0,0,0,0,0,0,0,3,0,97,80.96,0.0,0.0,0,0,0,0,0,0,0,0,0,0,0,0,0
2020-08-17,4,0,0,0,0,0,0,0,1,0,29,24.46,0.0,0.0,0,0,0,0,0,0,0,0,0,0,0,0,0
2020-08-19,1,0,0,0,0,0,0,0,0,0,5,4.17,0.0,0.0,0,0,0,0,0,0,0,0,0,0,0,0,0
2020-08-20,1,0,0,0,0,0,0,0,0,0,15,12.83,0.0,0.0,0,0,0,0,0,0,0,0,0,0,0,0,0
2020-08-22,1,0,0,0,0,0,0,0,0,0,45,37.58,0.0,0.0,0,0,0,0,0,0,0,0,0,0,0,0,0
2020-08-23,1,0,0,0,0,0,0,0,0,0,26,22.47,0.0,0.0,0,0,0,0,0,0,0,0,0,0,0,0,0
2020-08-24,1,0,0,0,0,0,0,0,1,0,119,99.42,0.0,0.0,0,0,0,0,0,0,0,0,0,0,0,0,0
2020-08-25,2,0,0,0,0,0,0,0,3,0,117,97.76,0.0,0.0,0,0,0,0,0,0,0,0,0,0,0,0,0
2020-08-26,1,0,0,0,0,0,0,0,0,0,6,5.66,0.0,0.0,0,0,0,0,0,0,0,0,0,0,0,0,0
2020-08-27,2,0,0,0,0,0,0,0,1,0,38,31.89,0.0,0.0,0,0,0,0,0,0,0,0,0,0,0,0,0
2020-08-28,2,0,0,0,0,0,0,0,1,0,57,47.64,0.0,0.0,0,0,0,0,0,0,0,0,0,0,0,0,0
2020-08-29,1,0,0,0,0,0,0,0,0,0,27,22.67,0.0,0.0,0,0,0,0,0,0,0,0,0,0,0,0,0
2020-08-30,1,0,0,0,0,0,0,0,3,0,238,198.58,0.0,0.0,0,0,0,0,0,0,0,0,0,0,0,0,0
2020-08-31,0,0,0,0,0,1,0,0,0,0,0,0.0,0.0,0.0,0,0,0,0,0,0,0,0,0,0,0,0,0
2020-09-01,1,0,0,0,0,0,1,0,1,0,119,99.42,0.0,0.0,0,0,0,0,0,0,0,0,0,0,0,0,0
2020-09-03,2,0,0,0,0,0,0,0,3,0,103,86.12,0.0,0.0,0,0,0,0,0,0,0,0,0,0,0,0,0
2020-09-05,2,0,0,0,0,0,0,0,1,0,42,35.06,0.0,0.0,0,0,0,0,0,0,0,0,0,0,0,0,0
2020-09-06,1,0,0,0,0,0,0,0,1,0,119,99.43,0.0,0.0,0,0,0,0,0,0,0,0,0,0,0,0,0
2020-09-07,1,0,0,0,0,1,0,0,0,0,20,17.42,0.0,0.0,0,0,0,0,0,0,0,0,0,0,0,0,0
2020-09-08,1,0,0,0,0,0,0,0,0,0,4,4.16,0.0,0.0,0,0,0,0,0,0,0,0,0,0,0,0,0
2020-09-09,1,0,0,0,0,0,0,0,0,0,43,36.15,0.0,0.0,0,0,0,0,0,0,0,0,0,0,0,0,0
2020-09-10,0,0,0,0,0,1,0,0,0,0,0,0.0,0.0,0.0,0,0,0,0,0,0,0,0,0,0,0,0,0
2020-09-11,3,0,0,0,0,0,1,0,3,0,64,53.349999999999994,0.0,0.0,0,0,0,0,0,0,0,0,0,0,0,0,0
2020-09-12,4,0,0,0,0,0,0,0,6,0,95,79.5,0.0,0.0,0,0,0,0,0,0,0,0,0,0,0,0,0
2020-09-13,2,0,0,0,0,0,0,0,2,0,61,50.95,0.0,0.0,0,0,0,0,0,0,0,0,0,0,0,0,0
2020-09-14,4,0,0,0,0,1,0,0,3,0,46,38.57,0.0,0.0,0,0,0,0,0,0,0,0,0,0,0,0,0
2020-09-15,1,0,0,0,0,0,0,0,0,0,6,5.15,0.0,0.0,0,0,0,0,0,0,0,0,0,0,0,0,0
2020-09-16,7,0,0,1,0,0,0,0,4,0,38,31.929999999999996,0.0,0.0,0,0,0,0,0,0,0,0,0,0,0,1,0
2020-09-17,3,0,0,0,0,0,0,0,2,0,44,37.26,0.0,0.0,0,0,0,0,0,0,0,0,0,0,0,0,0
2020-09-18,1,0,0,0,0,0,0,0,1,0,119,99.42,0.0,0.0,0,0,0,0,0,0,0,0,0,0,0,0,0
2020-09-20,1,0,0,0,0,0,0,0,1,0,111,93.11,0.0,0.0,0,0,0,0,0,0,0,0,0,0,0,0,0
2020-09-21,1,0,0,0,0,0,0,0,0,0,23,19.25,0.0,0.0,0,0,0,0,0,0,0,0,0,0,0,0,0
2020-09-22,1,0,0,0,0,0,0,0,1,0,114,95.43,0.0,0.0,0,0,0,0,0,0,0,0,0,0,0,0,0
2020-09-23,2,0,0,0,0,0,0,0,0,0,13,11.04,0.0,0.0,0,0,0,0,0,0,0,0,0,0,0,0,0
2020-09-26,2,0,0,0,0,1,0,0,2,0,64,53.83,0.0,0.0,0,0,0,0,0,0,0,0,0,0,0,0,0
2020-09-27,3,0,0,0,0,0,1,0,3,0,71,59.870000000000005,0.0,0.0,0,0,0,0,0,0,0,0,0,0,0,0,0
2020-09-28,1,0,0,0,0,0,0,0,0,0,45,38.04,0.0,0.0,0,0,0,0,0,0,0,0,0,0,0,0,0
2020-09-29,2,0,0,0,0,0,0,0,0,0,19,16.59,0.0,0.0,0,0,0,0,0,0,0,0,0,0,0,0,0
2020-10-01,0,0,0,0,0,2,0,0,0,0,0,0.0,0.0,0.0,0,0,0,0,0,0,0,0,0,0,0,0,0
2020-10-02,1,0,0,1,0,0,0,0,1,0,119,99.17,0.0,0.0,0,0,0,0,0,0,0,0,0,0,0,0,0
2020-10-03,1,0,0,0,0,0,0,1,1,0,119,99.17,0.0,0.0,0,0,0,0,0,0,0,0,0,0,0,1,0
2020-10-05,2,0,0,1,0,0,0,0,3,0,113,94.39,0.0,0.0,0,0,0,0,0,0,0,0,0,0,0,0,0
2020-10-07,2,0,0,0,0,0,0,0,4,0,125,104.28,0.0,0.0,0,0,0,0,0,0,0,0,0,0,0,0,0
2020-10-08,2,0,0,1,0,0,0,0,3,0,103,86.65,0.0,0.0,0,0,0,0,0,0,0,0,0,0,0,1,0
2020-10-09,3,1,0,0,0,0,0,0,1,0,25,21.06,0.0,0.0,0,0,0,0,0,0,0,0,0,0,0,0,0
2020-10-11,4,0,0,0,0,0,0,0,5,0,89,74.94,0.0,0.0,0,0,0,0,0,0,0,0,0,0,0,0,0
2020-10-12,2,0,0,0,0,0,0,0,2,0,61,50.88,0.0,0.0,0,0,0,0,0,0,0,0,0,0,0,0,0
2020-10-14,1,0,0,0,0,0,0,0,1,0,119,99.42,0.0,0.0,0,0,0,0,0,0,0,0,0,0,0,0,0
2020-10-15,3,0,0,0,0,0,0,1,2,0,52,43.71,0.0,0.0,0,0,0,0,0,0,0,0,0,0,0,0,0
2020-10-17,2,0,0,0,0,0,0,0,3,0,119,99.29,0.0,0.0,0,0,0,0,0,0,0,0,0,0,0,0,0
2020-10-19,1,0,0,0,0,0,0,0,1,0,119,99.17,0.0,0.0,0,0,0,0,0,0,0,0,0,0,0,0,0
2020-10-20,1,0,0,0,0,0,0,0,0,0,19,16.58,0.0,0.0,0,0,0,0,0,0,0,0,0,0,0,0,0
2020-10-21,5,0,0,1,0,0,0,0,8,0,104,86.98,0.0,0.0,0,0,0,0,0,0,0,0,0,0,0,1,0
2020-10-23,5,0,0,0,0,0,0,0,4,0,56,46.88,0.0,0.0,0,0,0,0,0,0,0,0,0,0,0,0,0
2020-10-24,3,0,0,0,0,0,0,0,3,0,73,61.6,0.0,0.0,0,0,0,0,0,0,0,0,0,0,0,0,0
2020-10-25,5,0,0,0,0,0,0,0,8,0,97,81.66,0.0,0.0,0,0,0,0,0,0,0,0,0,0,0,0,0
2020-10-26,2,0,0,0,0,0,0,0,0,0,2,1.78,0.0,0.0,0,0,0,0,0,0,0,0,0,0,0,0,0
2020-10-27,2,0,0,0,0,0,0,0,3,0,106,88.98,0.0,0.0,0,0,0,0,0,0,0,0,0,0,0,0,0
2020-10-29,2,0,0,0,0,0,0,0,3,0,117,98.01,0.0,0.0,0,0,0,0,0,0,0,0,0,0,0,0,0
2020-10-30,1,0,0,0,0,0,0,0,1,0,119,99.42,0.0,0.0,0,0,0,0,0,0,0,0,0,0,0,0,0
2020-11-01,2,1,0,0,0,0,0,0,1,1,59,49.75,0.0,0.0,0,0,0,0,0,0,0,0,0,0,0,0,0
2020-11-03,2,0,0,0,0,0,0,0,3,0,114,95.57,0.0,0.0,0,0,0,0,0,0,0,0,0,0,0,0,0
2020-11-07,1,0,0,0,0,0,0,0,0,0,7,5.9,0.0,0.0,0,0,0,0,0,0,0,0,0,0,0,0,0
2020-11-10,1,0,0,0,0,0,0,0,0,0,35,29.600000000000005,0.0,0.0,0,0,0,0,0,0,0,0,0,0,0,0,0
2020-11-14,2,0,0,0,0,0,0,0,0,0,28,23.84,0.0,0.0,0,0,0,0,0,0,0,0,0,0,0,0,0
2020-11-18,1,0,0,1,0,2,0,0,0,0,42,35.0,0.0,0.0,0,0,0,0,0,0,0,0,0,0,0,0,0
2020-11-19,1,0,0,0,0,0,0,0,1,0,119,99.42,0.0,0.0,0,0,0,0,0,0,0,0,0,0,0,0,0
2020-11-20,1,0,0,0,0,0,0,0,1,0,109,90.83,0.0,0.0,0,0,0,0,0,0,0,0,0,0,0,0,0
2020-11-21,1,0,0,0,0,0,0,0,0,0,3,2.52,0.0,0.0,0,0,0,0,0,0,0,0,0,0,0,0,0
2020-11-25,1,0,0,0,0,0,0,0,1,0,119,99.42,0.0,0.0,0,0,0,0,0,0,0,0,0,0,0,0,0
2020-11-26,4,0,0,0,0,0,0,0,2,0,32,26.97,0.0,0.0,0,0,0,0,0,0,0,0,0,0,0,0,0
2020-11-29,1,0,0,0,0,0,0,0,1,0,119,99.42,0.0,0.0,0,0,0,0,0,0,0,0,0,0,0,0,0
2020-11-30,1,0,0,0,0,0,0,0,1,0,118,98.67,0.0,0.0,0,0,0,0,0,0,0,0,0,0,0,1,0
2020-12-02,1,0,0,0,0,0,0,0,0,0,26,22.16,0.0,0.0,0,0,0,0,0,0,0,0,0,0,0,0,0
2020-12-03,4,0,0,0,0,0,0,0,5,0,89,74.66,0.0,0.0,0,0,0,0,0,0,0,0,0,0,0,0,0
2020-12-04,2,0,0,0,0,0,0,0,3,0,119,99.57,0.0,0.0,0,0,0,0,0,0,0,0,0,0,0,0,0
2020-12-05,1,0,0,0,0,0,0,0,1,0,119,99.42,0.0,0.0,0,0,0,0,0,0,0,0,0,0,0,0,0
2020-12-06,3,0,0,0,0,0,0,0,3,0,78,65.58,0.0,0.0,0,0,0,0,0,0,0,0,0,0,0,0,0
2020-12-07,1,0,0,0,0,0,0,0,1,0,119,99.42,0.0,0.0,0,0,0,0,0,0,0,0,0,0,0,0,0
2020-12-08,2,0,0,0,0,0,0,0,3,0,119,99.56,0.0,0.0,0,0,0,0,0,0,0,0,0,0,0,0,0
2020-12-10,1,0,0,0,0,0,0,0,1,0,104,87.23,0.0,0.0,0,0,0,0,0,0,0,0,0,0,0,0,0
2020-12-11,1,0,0,0,0,0,0,0,0,0,16,13.76,0.0,0.0,0,0,0,0,0,0,0,0,0,0,0,0,0
2020-12-12,1,0,0,0,0,0,0,0,1,0,114,95.65,0.0,0.0,0,0,0,0,0,0,0,0,0,0,0,0,0
2020-12-14,2,0,0,0,0,0,0,0,2,0,62,52.11,0.0,0.0,0,0,0,0,0,0,0,0,0,0,0,0,0
2020-12-15,1,0,0,0,0,0,0,0,1,0,112,93.73,0.0,0.0,0,0,0,0,0,0,0,0,0,0,0,0,0
2020-12-17,2,0,0,0,0,0,0,0,1,0,35,29.719999999999995,0.0,0.0,0,0,0,0,0,0,0,0,0,0,0,0,0
2020-12-19,4,0,0,0,0,0,0,0,4,0,64,54.04,0.0,0.0,0,0,0,0,0,0,0,0,0,0,0,0,0
2020-12-20,3,1,0,0,0,0,0,0,6,1,134,112.5,0.0,0.0,0,0,0,0,0,0,0,0,0,0,0,0,0
2020-12-21,2,0,0,0,0,0,0,0,3,0,119,99.51,0.0,0.0,0,0,0,0,0,0,0,0,0,0,0,0,0
2020-12-22,2,0,0,0,0,0,0,0,2,0,79,66.53,0.0,0.0,0,0,0,0,0,0,0,0,0,0,0,0,0
2020-12-23,1,0,0,0,0,0,0,0,1,0,119,99.42,0.0,0.0,0,0,0,0,0,0,0,0,0,0,0,0,0
2020-12-25,1,0,0,1,0,0,0,0,1,0,69,57.830000000000005,0.0,0.0,0,0,0,0,0,0,0,0,0,0,0,0,0
2020-12-26,3,0,0,0,0,0,0,0,5,0,119,99.95,0.0,0.0,0,0,0,0,0,0,0,0,0,0,0,0,0
2020-12-27,2,0,0,1,0,0,0,0,2,0,74,62.32,0.0,0.0,0,0,0,0,0,0,0,0,0,0,0,0,0
2020-12-28,4,0,0,0,0,0,0,0,5,0,76,64.15,0.0,0.0,0,0,0,0,0,0,0,0,0,0,0,0,0
2020-12-29,4,0,0,0,0,0,0,0,4,0,67,56.19,0.0,0.0,0,0,0,0,0,0,0,0,0,0,0,0,0
2020-12-30,4,0,0,0,0,0,0,0,2,0,34,28.910000000000004,0.0,0.0,0,0,0,0,0,0,0,0,0,0,0,1,0
2021-01-01,1,0,0,0,0,0,0,0,1,0,115,96.49,0.0,0.0,0,0,0,0,0,0,0,0,0,0,0,0,0
2021-01-02,1,0,0,1,0,0,0,0,1,0,112,93.75,0.0,0.0,0,0,0,0,0,0,0,0,0,0,0,0,0
2021-01-03,3,0,0,0,0,0,0,0,3,0,76,64.16,0.0,0.0,0,0,0,0,0,0,0,0,0,0,0,0,0
2021-01-04,1,0,0,0,0,0,0,0,0,0,59,49.84,0.0,0.0,0,0,0,0,0,0,0,0,0,0,0,0,0
2021-01-05,2,0,0,0,0,0,0,0,2,0,81,67.58,0.0,0.0,0,0,0,0,0,0,0,0,0,0,0,0,0
2021-01-06,2,0,0,0,0,0,0,0,2,0,73,61.12,0.0,0.0,0,0,0,0,0,0,0,0,0,0,0,0,0
2021-01-07,3,0,0,0,0,0,0,0,2,0,43,36.52,0.0,0.0,0,0,0,0,0,0,0,0,0,0,0,0,0
2021-01-11,1,1,0,0,0,0,0,0,1,1,77,64.88,0.0,0.0,0,0,0,0,0,0,0,0,0,0,0,0,0
2021-01-15,3,1,0,0,0,0,0,0,0,0,1,1.6500000000000001,0.0,0.0,0,0,0,0,0,0,0,0,0,0,0,0,0
2021-01-17,4,0,0,0,0,0,0,0,2,0,33,27.67,0.0,0.0,0,0,0,0,0,0,0,0,0,0,0,0,0
2021-01-18,1,0,0,0,0,0,0,0,0,0,25,21.5,0.0,0.0,0,0,0,0,0,0,0,0,0,0,0,0,0
2021-01-19,1,0,0,0,0,0,0,0,2,0,124,103.45,0.0,0.0,0,0,0,0,0,0,0,0,0,0,0,0,0
2021-01-20,1,0,0,0,0,0,0,0,1,0,81,67.71,0.0,0.0,0,0,0,0,0,0,0,0,0,0,0,0,0
2021-01-21,1,0,0,0,0,0,0,0,0,0,11,9.67,0.0,0.0,0,0,0,0,0,0,0,0,0,0,0,0,0
2021-01-22,1,0,0,0,0,0,0,0,0,0,3,2.96,0.0,0.0,0,0,0,0,0,0,0,0,0,0,0,0,0
2021-01-23,2,0,0,0,0,0,0,0,0,0,5,4.42,0.0,0.0,0,0,0,0,0,0,0,0,0,0,0,0,0
2021-01-25,6,0,0,0,0,0,0,0,2,0,22,19.04,0.0,0.0,0,0,0,0,0,0,0,0,0,0,0,0,0
2021-01-26,1,1,0,0,0,0,0,0,1,1,119,99.42,0.0,0.0,0,0,0,0,0,0,0,0,0,0,0,0,0
2021-01-27,1,0,0,0,0,0,0,0,1,0,111,92.79,0.0,0.0,0,0,0,0,0,0,0,0,0,0,0,0,0
2021-01-29,2,1,0,0,0,0,0,0,3,1,119,99.43,0.0,0.0,0,0,0,0,0,0,0,0,0,0,0,0,0
2021-01-30,2,0,0,0,0,0,0,1,2,0,61,51.38,0.0,0.0,0,0,0,0,0,0,0,0,0,0,0,0,0
2021-01-31,1,0,0,0,0,1,0,0,1,0,98,81.95,0.0,0.0,0,0,0,0,0,0,0,0,0,0,0,0,0
2021-02-01,2,0,0,0,0,0,0,0,0,0,12,10.43,0.0,0.0,0,0,0,0,0,0,0,0,0,0,0,0,0
2021-02-02,2,1,0,0,0,0,0,0,2,0,61,51.27,0.0,0.0,0,0,0,0,0,0,0,0,0,0,0,0,0
2021-02-03,2,1,0,0,0,0,0,0,3,1,117,98.0,0.0,0.0,0,0,0,0,0,0,0,0,0,0,0,0,0
2021-02-04,3,1,0,1,0,0,0,0,2,0,45,38.3,0.0,0.0,0,0,0,0,0,0,0,0,0,0,0,0,0
2021-02-05,1,0,0,0,0,0,0,0,0,0,0,0.7,0.0,0.0,0,0,0,0,0,0,0,0,0,0,0,0,0
2021-02-06,3,0,0,0,0,1,0,0,4,0,88,74.02,0.0,0.0,0,0,0,0,0,0,0,0,0,0,0,0,0
2021-02-07,3,0,0,1,0,1,0,0,5,0,113,94.59,0.0,0.0,0,0,0,0,0,0,0,0,0,0,0,0,0
2021-02-08,2,0,0,0,0,0,0,0,1,0,30,25.3,0.0,0.0,0,0,0,0,0,0,0,0,0,0,0,0,0
2021-02-09,2,0,0,0,0,0,0,0,2,0,73,61.5,0.0,0.0,0,0,0,0,0,0,0,0,0,0,0,0,0
2021-02-11,2,0,0,0,0,0,0,0,2,0,60,50.77,0.0,0.0,0,0,0,0,0,0,0,0,0,0,0,0,0
2021-02-12,1,0,0,0,0,0,0,0,0,0,3,2.5,0.0,0.0,0,0,0,0,0,0,0,0,0,0,0,0,0
2021-02-14,4,0,0,0,0,0,0,0,6,0,90,75.19,0.0,0.0,0,0,0,0,0,0,0,0,0,0,0,0,0
2021-02-15,2,0,0,0,0,0,0,0,2,0,66,55.7,0.0,0.0,0,0,0,0,0,0,0,0,0,0,0,0,0
2021-02-16,3,0,0,0,0,0,0,0,4,0,83,69.7,0.0,0.0,0,0,0,0,0,0,0,0,0,0,0,0,0
2021-02-17,3,0,0,0,0,0,0,0,2,0,41,34.53,0.0,0.0,0,0,0,0,0,0,0,0,0,0,0,0,0
2021-02-18,2,1,0,0,0,0,0,0,3,1,119,99.42,0.0,0.0,0,0,0,0,0,0,0,0,0,0,0,0,0
2021-02-19,2,0,0,0,0,0,0,0,2,0,65,54.78999999999999,0.0,0.0,0,0,0,0,0,0,0,0,0,0,0,0,0
2021-02-20,2,1,0,0,0,0,0,0,2,1,80,67.22,0.0,0.0,0,0,0,0,0,0,0,0,0,0,0,0,0
2021-02-21,3,1,0,0,0,0,0,0,2,1,56,47.25,0.0,0.0,0,0,0,0,0,0,0,0,0,0,0,0,0
2021-02-22,3,0,0,0,0,1,0,0,1,0,25,21.53,0.0,0.0,0,0,0,0,0,0,0,0,0,0,0,0,0
2021-02-23,2,0,0,0,0,0,0,0,3,0,111,92.54,0.0,0.0,0,0,0,0,0,0,0,0,0,0,0,0,0
2021-02-24,3,0,0,0,0,0,0,0,2,0,55,46.23,0.0,0.0,0,0,0,0,0,0,0,0,0,0,0,0,0
2021-02-25,1,0,0,0,0,0,0,0,1,0,119,99.43,0.0,0.0,0,0,0,0,0,0,0,0,0,0,0,0,0
2021-02-26,1,0,0,0,0,0,0,0,0,0,35,29.49,0.0,0.0,0,0,0,0,0,0,0,0,0,0,0,0,0
2021-02-27,5,1,0,0,0,0,0,0,2,1,34,28.439999999999998,0.0,0.0,0,0,0,0,0,0,0,0,0,0,0,0,0
2021-03-02,1,1,0,0,0,0,0,0,1,1,119,99.52,0.0,0.0,0,0,0,0,0,0,0,0,0,0,0,0,0
2021-03-03,2,0,0,1,0,0,0,0,2,0,69,57.830000000000005,0.0,0.0,0,0,0,0,0,0,0,0,0,0,0,0,0
2021-03-04,4,1,0,0,0,0,1,0,5,1,78,65.54,0.0,0.0,0,0,0,0,0,0,0,0,0,0,0,0,0
2021-03-05,2,1,0,1,0,0,0,0,2,2,67,56.03,0.0,0.0,0,0,0,0,0,0,0,0,0,0,0,0,0
2021-03-07,5,1,0,1,0,0,0,0,8,1,97,81.17,0.0,0.0,0,0,0,0,0,0,0,0,0,0,0,0,0
2021-03-08,1,0,0,0,0,0,0,0,1,0,88,73.92,0.0,0.0,0,0,0,0,0,0,0,0,0,0,0,0,0
2021-03-12,1,0,0,0,0,0,0,0,1,0,115,96.08,0.0,0.0,0,0,0,0,0,0,0,0,0,0,0,0,0
2021-03-13,1,0,0,0,0,0,0,0,0,0,4,3.3300000000000005,0.0,0.0,0,0,0,0,0,0,0,0,0,0,0,0,0
2021-03-14,1,0,0,0,0,0,0,0,1,0,119,99.4,0.0,0.0,0,0,0,0,0,0,0,0,0,0,0,0,0
2021-03-15,1,0,0,0,0,0,0,0,1,0,119,99.21,0.0,0.0,0,0,0,0,0,0,0,0,0,0,0,0,0
2021-03-16,2,1,0,1,0,0,0,0,2,0,85,70.94,0.0,0.0,0,0,0,0,0,0,0,0,0,0,0,0,0
2021-03-20,1,0,0,0,0,0,0,0,0,0,27,23.25,0.0,0.0,0,0,0,0,0,0,0,0,0,0,0,0,0
2021-03-21,1,0,0,0,0,0,0,0,1,0,94,78.67,0.0,0.0,0,0,0,0,0,0,0,0,0,0,0,0,0
2021-03-22,1,0,0,0,0,0,0,0,0,0,1,1.58,0.0,0.0,0,0,0,0,0,0,0,0,0,0,0,0,0
2021-03-24,1,0,0,0,0,0,0,0,1,0,110,91.67,0.0,0.0,0,0,0,0,0,0,0,0,0,0,0,0,0
2021-03-26,1,0,0,0,0,1,0,0,1,0,112,93.48,0.0,0.0,0,0,0,0,0,0,0,0,0,0,0,0,0
2021-03-27,1,0,0,0,0,0,0,0,0,0,11,9.21,0.0,0.0,0,0,0,0,0,0,0,0,0,0,0,0,0
2021-03-28,18,2,0,0,0,1,0,0,17,3,58,48.97,0.0,0.0,0,0,0,0,0,0,0,0,0,0,0,0,0
2021-03-29,24,0,0,0,0,0,0,0,14,0,37,30.959999999999997,0.0,0.0,0,0,0,0,0,0,0,0,0,0,0,0,0
2021-03-30,10,0,0,0,0,0,0,0,7,0,42,35.81,0.0,0.0,0,0,0,0,0,0,0,0,0,0,0,0,0
2021-03-31,2,0,0,1,0,0,0,0,2,0,63,53.239999999999995,0.0,0.0,0,0,0,0,0,0,0,0,0,0,0,0,0
2021-04-01,1,1,0,0,0,0,0,0,0,0,13,11.4,0.0,0.0,0,0,0,0,0,0,0,0,0,0,0,0,0
2021-04-03,2,1,0,1,0,0,0,0,3,1,119,99.3,0.0,0.0,0,0,0,0,0,0,0,0,0,0,0,0,0
2021-04-04,1,0,0,0,0,0,1,0,0,0,2,1.8000000000000003,0.0,0.0,0,0,0,0,0,0,0,0,0,0,0,0,0
2021-04-05,5,0,0,0,0,0,0,0,8,0,100,83.63,0.0,0.0,0,0,0,0,0,0,0,0,0,0,0,0,0
2021-04-06,4,1,0,0,0,0,0,0,4,0,61,51.66,0.0,0.0,0,0,0,0,0,0,0,0,0,0,0,0,0
2021-04-07,1,0,0,1,0,0,0,0,1,0,111,92.5,0.0,0.0,0,0,0,0,0,0,0,0,0,0,0,0,0
2021-04-08,2,0,0,0,0,0,0,0,3,0,97,81.62,0.0,0.0,0,0,0,0,0,0,0,0,0,0,0,0,0
2021-04-09,1,0,0,1,0,0,0,0,1,0,119,99.42,0.0,0.0,0,0,0,0,0,0,0,0,0,0,0,0,0
2021-04-10,1,0,0,0,0,0,0,0,0,0,12,10.2,0.0,0.0,0,0,0,0,0,0,0,0,0,0,0,0,0
2021-04-11,4,0,0,0,0,0,0,0,3,0,58,48.44,0.0,0.0,0,0,0,0,0,0,0,0,0,0,0,0,0
2021-04-14,1,0,0,0,0,0,0,0,1,0,67,56.41,0.0,0.0,0,0,0,0,0,0,0,0,0,0,0,0,0
2021-04-15,1,0,0,0,0,0,0,0,2,0,148,124.04000000000002,0.0,0.0,0,0,0,0,0,0,0,0,0,0,0,0,0
2021-04-16,2,0,0,1,0,0,0,0,3,0,104,87.37,0.0,0.0,0,0,0,0,0,0,0,0,0,0,0,0,0
2021-04-17,3,1,0,0,0,0,0,0,3,1,77,64.74,0.0,0.0,0,0,0,0,0,0,0,0,0,0,0,0,0
2021-04-18,1,0,0,0,0,0,0,0,1,0,115,96.26,0.0,0.0,0,0,0,0,0,0,0,0,0,0,0,0,0
2021-04-21,3,2,0,0,0,0,0,0,2,2,59,49.21,0.0,0.0,0,0,0,0,0,0,0,0,0,0,0,0,0
2021-04-22,1,0,0,1,0,0,0,0,2,0,129,107.59999999999998,0.0,0.0,0,0,0,0,0,0,0,0,0,0,0,0,0
2021-04-23,1,0,0,1,0,1,0,0,0,0,32,26.69,0.0,0.0,0,0,0,0,0,0,0,0,0,0,0,0,0
2021-04-25,3,1,0,1,0,0,0,0,2,0,59,49.58,0.0,0.0,0,0,0,0,0,0,0,0,0,0,0,0,0
2021-04-27,1,0,0,0,0,0,0,0,1,0,118,99.11,0.0,0.0,0,0,0,0,0,0,0,0,0,0,0,0,0
2021-04-28,8,0,0,0,0,0,0,0,5,0,38,31.91,0.0,0.0,0,0,0,0,0,0,0,0,0,0,0,0,0
2021-04-29,23,1,0,0,0,0,0,0,11,0,30,25.28,0.0,0.0,0,0,0,0,0,0,0,0,0,0,0,0,0
2021-04-30,14,0,0,1,0,0,0,0,7,0,33,28.300000000000004,0.0,0.0,0,0,0,0,0,0,0,0,0,0,0,0,0
2021-05-01,10,0,0,0,0,0,0,0,3,0,20,16.73,0.0,0.0,0,0,0,0,0,0,0,0,0,0,0,0,0
2021-05-02,3,0,0,0,0,0,0,0,4,0,81,67.76,0.0,0.0,0,0,0,0,0,0,0,0,0,0,0,0,0
2021-05-03,2,0,0,1,0,0,0,0,1,0,59,49.58,0.0,0.0,0,0,0,0,0,0,0,0,0,0,0,0,0
2021-05-05,2,0,0,0,0,0,0,0,3,0,113,94.7,0.0,0.0,0,0,0,0,0,0,0,0,0,0,0,0,0
2021-05-06,1,0,0,0,0,0,0,0,0,0,1,0.83,0.0,0.0,0,0,0,0,0,0,0,0,0,0,0,0,0
2021-05-07,3,0,0,0,0,0,0,0,0,0,17,14.52,0.0,0.0,0,0,0,0,0,0,0,0,0,0,0,0,0
2021-05-08,6,0,0,0,0,0,0,0,6,0,63,53.04,0.0,0.0,0,0,0,0,0,0,0,0,0,0,0,1,0
2021-05-09,5,0,0,0,0,0,0,0,2,0,25,21.63,0.0,0.0,0,0,0,0,0,0,0,0,0,0,0,0,0
2021-05-11,1,0,0,0,0,0,0,0,1,0,78,65.04,0.0,0.0,0,0,0,0,0,0,0,0,0,0,0,0,0
2021-05-12,1,0,0,0,0,0,0,0,1,0,113,94.83,0.0,0.0,0,0,0,0,0,0,0,0,0,0,0,0,0
2021-05-13,4,0,0,0,0,0,0,0,3,0,50,42.26,0.0,0.0,0,0,0,0,0,0,0,0,0,0,0,0,0
2021-05-14,1,1,0,0,0,0,0,0,0,0,1,1.58,0.0,0.0,0,0,0,0,0,0,0,0,0,0,0,0,0
2021-05-15,1,0,0,0,0,0,0,0,0,0,4,4.02,0.0,0.0,0,0,0,0,0,0,0,0,0,0,0,0,0
2021-05-16,1,0,0,0,0,0,0,0,1,0,86,72.49,0.0,0.0,0,0,0,0,0,0,0,0,0,0,0,0,0
2021-05-17,1,0,0,0,0,0,0,0,0,0,6,5.43,0.0,0.0,0,0,0,0,0,0,0,0,0,0,0,0,0
2021-05-18,1,0,0,0,0,0,0,0,0,0,49,41.58,0.0,0.0,0,0,0,0,0,0,0,0,0,0,0,0,0
2021-05-19,2,0,0,0,0,1,0,0,0,0,10,8.96,0.0,0.0,0,0,0,0,0,0,0,0,0,0,0,0,0
2021-05-20,1,0,0,0,0,0,0,0,1,0,89,74.73,0.0,0.0,0,0,0,0,0,0,0,0,0,0,0,0,0
2021-05-21,1,0,0,0,0,0,0,0,0,0,3,3.2300000000000004,0.0,0.0,0,0,0,0,0,0,0,0,0,0,0,0,0
2021-05-23,1,0,0,0,0,0,0,0,1,0,111,92.61,0.0,0.0,0,0,0,0,0,0,0,0,0,0,0,0,0
2021-05-24,2,0,0,1,0,0,0,0,2,0,60,50.79,0.0,0.0,0,0,0,0,0,0,0,0,0,0,0,0,0
2021-05-25,1,0,0,0,0,0,0,0,1,0,91,76.21,0.0,0.0,0,0,0,0,0,0,0,0,0,0,0,0,0
2021-05-28,4,0,0,0,0,0,0,0,4,0,64,53.89000000000001,0.0,0.0,0,0,0,0,0,0,0,0,0,0,0,0,0
2021-05-29,1,0,0,0,0,0,0,0,1,0,71,59.699999999999996,0.0,0.0,0,0,0,0,0,0,0,0,0,0,0,0,0
2021-05-31,3,0,0,0,0,0,0,0,2,0,59,49.21,0.0,0.0,0,0,0,0,0,0,0,0,0,0,0,0,0
2021-06-01,2,1,0,0,0,0,0,0,1,1,55,46.13,0.0,0.0,0,0,0,0,0,0,0,0,0,0,0,0,0
2021-06-02,2,0,0,0,0,0,0,0,2,0,72,60.46,0.0,0.0,0,0,0,0,0,0,0,0,0,0,0,0,0
2021-06-03,1,1,0,0,0,0,0,0,1,1,81,68.11,0.0,0.0,0,0,0,0,0,0,0,0,0,0,0,0,0
2021-06-04,1,0,0,0,0,0,0,0,1,0,119,99.42,0.0,0.0,0,0,0,0,0,0,0,0,0,0,0,0,0
2021-06-07,0,0,0,0,0,1,1,0,0,0,0,0.0,0.0,0.0,0,0,0,0,0,0,0,0,0,0,0,0,0
2021-06-10,1,0,0,0,0,0,0,0,0,0,5,4.2,0.0,0.0,0,0,0,0,0,0,0,0,0,0,0,0,0
2021-06-11,2,0,0,0,0,0,0,0,2,0,64,53.57999999999999,0.0,0.0,0,0,0,0,0,0,0,0,0,0,0,0,0
2021-06-12,1,0,0,0,0,0,0,0,0,0,2,2.28,0.0,0.0,0,0,0,0,0,0,0,0,0,0,0,0,0
2021-06-14,1,0,0,0,0,0,0,0,1,0,119,99.42,0.0,0.0,0,0,0,0,0,0,0,0,0,0,0,0,0
2021-06-15,1,0,0,0,0,0,0,0,0,0,25,21.58,0.0,0.0,0,0,0,0,0,0,0,0,0,0,0,0,0
2021-06-16,4,0,0,1,0,0,0,0,4,0,67,56.269999999999996,0.0,0.0,0,0,0,0,0,0,0,0,0,0,0,0,0
2021-06-17,4,1,0,1,0,2,0,0,4,2,73,60.95,0.0,0.0,0,0,0,0,0,0,0,0,0,0,0,0,0
2021-06-18,6,0,0,0,0,0,0,0,4,0,41,34.68,0.0,0.0,0,0,0,0,0,0,0,0,0,0,0,0,0
2021-06-19,1,0,0,0,0,0,0,0,0,0,16,14.000000000000002,0.0,0.0,0,0,0,0,0,0,0,0,0,0,0,0,0
2021-06-20,1,0,0,1,0,0,0,0,2,0,127,106.47,0.0,0.0,0,0,0,0,0,0,0,0,0,0,0,0,0
2021-06-21,3,1,0,0,0,0,0,0,3,1,73,61.56,0.0,0.0,0,0,0,0,0,0,0,0,0,0,0,0,0
2021-06-22,2,0,0,0,0,0,0,0,1,0,33,27.83,0.0,0.0,0,0,0,0,0,0,0,0,0,0,0,0,0
2021-06-23,2,0,0,0,0,0,0,0,2,0,88,73.75,0.0,0.0,0,0,0,0,0,0,0,0,0,0,0,0,0
2021-06-24,1,0,0,0,0,0,0,0,0,0,5,4.83,0.0,0.0,0,0,0,0,0,0,0,0,0,0,0,0,0
2021-06-25,1,0,0,0,0,0,0,0,0,0,0,0.18,0.0,0.0,0,0,0,0,0,0,0,0,0,0,0,0,0
2021-06-26,2,0,0,0,0,0,0,0,3,0,116,97.08,0.0,0.0,0,0,0,0,0,0,0,0,0,0,0,1,0
2021-06-27,3,3,0,0,0,0,0,0,5,5,119,99.42,0.0,0.0,0,0,0,0,0,0,0,0,0,0,0,0,0
2021-06-28,3,0,0,1,0,1,0,0,3,0,74,61.83,0.0,0.0,0,0,0,0,0,0,0,0,0,0,0,0,0
2021-06-29,3,1,0,0,0,0,1,0,3,1,75,62.86000000000001,0.0,0.0,0,0,0,0,0,0,0,0,0,0,0,0,0
2021-06-30,2,0,0,0,0,0,0,0,1,0,57,47.54,0.0,0.0,0,0,0,0,0,0,0,0,0,0,0,0,0
2021-07-01,3,0,0,0,0,0,0,0,1,0,36,30.079999999999995,0.0,0.0,0,0,0,0,0,0,0,0,0,0,0,0,0
2021-07-02,2,0,0,0,0,0,0,0,1,0,40,33.69,0.0,0.0,0,0,0,0,0,0,0,0,0,0,0,0,0
2021-07-03,7,0,0,0,0,0,0,0,7,0,67,56.38000000000001,0.0,0.0,0,0,0,0,0,0,0,0,0,0,0,0,0
2021-07-04,1,0,0,0,0,1,1,0,0,0,0,0.0,0.0,0.0,0,0,0,0,0,0,0,0,0,0,0,0,0
2021-07-05,2,0,1,1,0,0,0,0,2,0,82,68.72,0.0,0.0,0,0,0,0,0,0,0,0,0,0,0,0,0
2021-07-06,1,0,0,0,0,0,0,0,0,0,1,1.0,0.0,0.0,0,0,0,0,0,0,0,0,0,0,0,0,0
2021-07-07,1,0,0,0,0,0,0,0,0,0,56,47.33,0.0,0.0,0,0,0,0,0,0,0,0,0,0,0,0,0
2021-07-08,1,0,0,0,0,0,0,0,1,0,89,74.58,0.0,0.0,0,0,0,0,0,0,0,0,0,0,0,0,0
2021-07-09,5,0,0,0,0,0,0,0,2,0,35,29.73,0.0,0.0,0,0,0,0,0,0,0,0,0,0,0,0,0
2021-07-10,1,0,0,0,0,1,0,0,1,0,119,99.4,0.0,0.0,0,0,0,0,0,0,0,0,0,0,0,0,0
2021-07-11,5,1,0,0,0,0,0,0,4,0,55,46.46,0.0,0.0,0,0,0,0,0,0,0,0,0,0,0,0,0
2021-07-13,2,0,0,0,0,0,0,0,3,0,117,98.0,0.0,0.0,0,0,0,0,0,0,0,0,0,0,0,0,0
2021-07-14,4,1,0,0,0,0,0,0,3,0,55,46.34,0.0,0.0,0,0,0,0,0,0,0,0,0,0,0,0,0
2021-07-15,3,0,0,0,0,0,0,0,0,0,14,12.46,0.0,0.0,0,0,0,0,0,0,0,0,0,0,0,0,0
2021-07-16,1,0,0,0,0,0,0,0,0,0,3,2.83,0.0,0.0,0,0,0,0,0,0,0,0,0,0,0,0,0
2021-07-17,2,0,0,0,0,0,0,0,1,0,57,48.32,0.0,0.0,0,0,0,0,0,0,0,0,0,0,0,0,0
2021-07-18,3,0,0,0,0,0,0,0,1,0,32,27.38,0.0,0.0,0,0,0,0,0,0,0,0,0,0,0,0,0
2021-07-19,1,0,0,0,0,0,0,0,1,0,106,88.92,0.0,0.0,0,0,0,0,0,0,0,0,0,0,0,0,0
2021-07-21,3,0,0,1,0,0,0,0,2,0,40,33.88,0.0,0.0,0,0,0,0,0,0,0,0,0,0,0,0,0
2021-07-22,1,0,0,0,0,0,0,0,0,0,59,49.34,0.0,0.0,0,0,0,0,0,0,0,0,0,0,0,0,0
2021-07-23,1,0,0,0,0,0,0,0,0,0,15,12.5,0.0,0.0,0,0,0,0,0,0,0,0,0,0,0,0,0
2021-07-24,5,0,0,1,0,0,0,0,6,0,80,67.11,0.0,0.0,0,0,0,0,0,0,0,0,0,0,0,1,0
2021-07-25,3,1,0,0,0,0,0,0,3,1,66,55.38000000000001,0.0,0.0,0,0,0,0,0,0,0,0,0,0,0,0,0
2021-07-26,1,0,0,0,0,0,0,0,1,0,109,91.56,0.0,0.0,0,0,0,0,0,0,0,0,0,0,0,0,0
2021-07-27,1,0,0,0,0,0,0,0,1,0,119,99.48,0.0,0.0,0,0,0,0,0,0,0,0,0,0,0,0,0
2021-07-28,1,0,0,0,0,1,1,0,1,0,115,96.21,0.0,0.0,0,0,0,0,0,0,0,0,0,0,0,0,0
2021-07-29,1,0,0,0,0,0,0,0,1,0,112,93.7,0.0,0.0,0,0,0,0,0,0,0,0,0,0,0,0,0
2021-07-30,1,0,0,1,0,0,0,0,2,0,124,103.51000000000002,0.0,0.0,0,0,0,0,0,0,0,0,0,0,0,0,0
2021-07-31,1,0,0,0,0,0,0,0,1,0,119,99.42,0.0,0.0,0,0,0,0,0,0,0,0,0,0,0,0,0
2021-08-04,1,1,0,0,0,0,0,0,0,0,4,4.02,0.0,0.0,0,0,0,0,0,0,0,0,0,0,0,0,0
2021-08-05,2,0,0,0,0,0,0,0,1,0,34,28.42,0.0,0.0,0,0,0,0,0,0,0,0,0,0,0,0,0
2021-08-06,1,0,0,0,0,0,0,0,0,0,10,8.5,0.0,0.0,0,0,0,0,0,0,0,0,0,0,0,0,0
2021-08-08,1,0,0,0,0,0,0,0,1,0,119,99.41,0.0,0.0,0,0,0,0,0,0,0,0,0,0,0,0,0
2021-08-09,1,0,0,0,0,0,0,0,1,0,119,99.42,0.0,0.0,0,0,0,0,0,0,0,0,0,0,0,0,0
2021-08-10,1,0,0,0,0,0,0,0,0,0,21,17.5,0.0,0.0,0,0,0,0,0,0,0,0,0,0,0,0,0
2021-08-12,2,0,0,0,0,0,0,0,0,0,4,3.71,0.0,0.0,0,0,0,0,0,0,0,0,0,0,0,0,0
2021-08-13,2,1,0,0,0,0,0,0,1,0,43,36.18,0.0,0.0,0,0,0,0,0,0,0,0,0,0,0,0,0
2021-08-17,2,0,0,1,0,0,1,0,2,0,82,69.09,0.0,0.0,0,0,0,0,0,0,0,0,0,0,0,0,0
2021-08-18,1,0,0,0,0,0,0,0,1,0,119,99.42,0.0,0.0,0,0,0,0,0,0,0,0,0,0,0,0,0
2021-08-21,2,0,0,0,0,0,0,0,3,0,103,86.21,0.0,0.0,0,0,0,0,0,0,0,0,0,0,0,0,0
2021-08-22,1,0,0,0,1,0,0,0,0,0,4,3.45,0.0,0.0,0,0,0,0,0,0,0,0,0,0,0,0,0
2021-08-24,2,1,0,0,0,0,0,0,2,1,75,63.09,0.0,0.0,0,0,0,0,0,0,0,0,0,0,0,0,0
2021-08-26,2,1,0,0,0,0,0,0,3,1,119,99.21,0.0,0.0,0,0,0,0,0,0,0,0,0,0,0,0,0
2021-08-27,2,0,0,0,0,0,0,0,2,0,83,69.34,0.0,0.0,0,0,0,0,0,0,0,0,0,0,0,0,0
2021-08-28,3,0,0,0,0,0,0,0,4,0,99,82.52,0.0,0.0,0,0,0,0,0,0,0,0,0,0,0,0,0
2021-08-29,5,0,0,1,0,0,0,0,9,0,112,93.73,0.0,0.0,0,0,0,0,0,0,0,0,0,0,0,0,0
2021-08-30,2,0,0,0,0,0,0,0,0,0,22,18.81,0.0,0.0,0,0,0,0,0,0,0,0,0,0,0,0,0
2021-09-04,1,0,0,0,0,0,0,0,0,0,0,0.72,0.0,0.0,0,0,0,0,0,0,0,0,0,0,0,0,0
2021-09-05,3,2,1,0,0,0,0,0,5,4,103,85.89,0.0,0.0,0,0,0,0,0,0,0,0,0,0,0,0,0
2021-09-06,1,0,0,0,0,0,0,0,0,0,36,30.0,0.0,0.0,0,0,0,0,0,0,0,0,0,0,0,0,0
2021-09-07,2,0,0,0,0,0,0,0,2,0,66,55.45,0.0,0.0,0,0,0,0,0,0,0,0,0,0,0,0,0
2021-09-10,2,0,0,0,0,0,0,0,1,0,57,47.5,0.0,0.0,0,0,0,0,0,0,0,0,0,0,0,0,0
2021-09-11,1,0,0,0,0,0,0,0,1,0,111,93.22,0.0,0.0,0,0,0,0,0,0,0,0,0,0,0,0,0
2021-09-12,1,0,0,0,0,0,0,0,0,0,1,1.58,0.0,0.0,0,0,0,0,0,0,0,0,0,0,0,0,0
2021-09-13,1,1,0,1,0,0,0,0,0,0,7,5.83,0.0,0.0,0,0,0,0,0,0,0,0,0,0,0,0,0
2021-09-14,3,0,0,0,0,0,0,0,3,0,69,57.8,0.0,0.0,0,0,0,0,0,0,0,0,0,0,0,0,0
2021-09-16,2,1,0,1,0,0,0,0,3,1,117,98.31,0.0,0.0,0,0,0,0,0,0,0,0,0,0,0,0,0
2021-09-20,2,0,0,0,0,0,0,0,3,0,114,95.55,0.0,0.0,0,0,0,0,0,0,0,0,0,0,0,0,0
2021-09-21,2,0,0,1,0,2,1,0,3,0,92,77.11,0.0,0.0,0,0,0,0,0,0,0,0,0,0,0,0,0
2021-09-23,2,0,0,0,0,0,0,0,3,0,93,78.3,0.0,0.0,0,0,0,0,0,0,0,0,0,0,0,0,0
2021-09-25,1,0,0,0,0,0,0,0,0,0,0,0.66,0.0,0.0,0,0,0,0,0,0,0,0,0,0,0,0,0
2021-09-26,0,0,0,0,0,2,0,0,0,0,0,0.0,0.0,0.0,0,0,0,0,0,0,0,0,0,0,0,0,0
2021-09-27,1,0,0,0,0,0,1,0,1,0,79,66.11,0.0,0.0,0,0,0,0,0,0,0,0,0,0,0,0,0
2021-09-28,1,0,0,0,0,0,0,0,1,0,119,99.43,0.0,0.0,0,0,0,0,0,0,0,0,0,0,0,0,0
2021-09-29,2,0,0,0,0,0,0,0,1,0,51,42.55,0.0,0.0,0,0,0,0,0,0,0,0,0,0,0,0,0
2021-10-01,2,0,0,0,0,0,0,0,2,0,61,51.080000000000005,0.0,0.0,0,0,0,0,0,0,0,0,0,0,0,0,0
2021-10-02,6,1,0,1,0,0,0,0,3,1,30,25.11,0.0,0.0,0,0,0,0,0,0,0,0,0,0,0,0,0
2021-10-03,2,0,0,0,0,0,0,0,2,0,63,53.25,0.0,0.0,0,0,0,0,0,0,0,0,0,0,0,0,0
2021-10-04,3,1,0,0,0,0,0,0,2,0,49,41.38,0.0,0.0,0,0,0,0,0,0,0,0,0,0,0,0,0
2021-10-05,1,0,1,0,0,0,0,0,0,0,0,0.0,0.0,0.0,0,0,0,0,0,0,0,0,0,0,0,0,0
2021-10-06,3,0,0,0,0,0,0,0,0,0,1,1.06,0.0,0.0,0,0,0,0,0,0,0,0,0,0,0,0,0
2021-10-09,2,0,0,0,0,0,0,1,2,0,70,58.95,0.0,0.0,0,0,0,0,0,0,0,0,0,0,0,0,0
2021-10-10,1,0,0,0,0,0,0,0,1,0,113,94.61,0.0,0.0,0,0,0,0,0,0,0,0,0,0,0,0,0
2021-10-11,1,1,0,0,0,0,0,0,2,2,129,107.89999999999999,0.0,0.0,0,0,0,0,0,0,0,0,0,0,0,0,0
2021-10-12,2,0,0,1,0,0,0,0,1,0,35,29.799999999999997,0.0,0.0,0,0,0,0,0,0,0,0,0,0,0,0,0
2021-10-13,3,0,0,1,0,0,0,0,2,0,41,34.76,0.0,0.0,0,0,0,0,0,0,0,0,0,0,0,0,0
2021-10-14,1,0,0,0,0,0,0,0,1,0,119,99.43,0.0,0.0,0,0,0,0,0,0,0,0,0,0,0,0,0
2021-10-15,2,0,0,0,0,0,0,0,0,0,5,4.21,0.0,0.0,0,0,0,0,0,0,0,0,0,0,0,0,0
2021-10-16,1,0,0,0,0,0,0,0,0,0,14,12.42,0.0,0.0,0,0,0,0,0,0,0,0,0,0,0,0,0
2021-10-17,2,1,0,0,0,0,0,0,0,0,15,13.25,0.0,0.0,0,0,0,0,0,0,0,0,0,0,0,0,0
2021-10-18,2,0,0,0,0,0,0,0,1,0,47,39.92,0.0,0.0,0,0,0,0,0,0,0,0,0,0,0,0,0
2021-10-19,1,0,0,1,0,0,0,0,1,0,112,93.99,0.0,0.0,0,0,0,0,0,0,0,0,0,0,0,0,0
2021-10-20,1,0,0,0,0,0,0,0,1,0,60,50.27,0.0,0.0,0,0,0,0,0,0,0,0,0,0,0,0,0
2021-10-23,2,0,0,0,0,0,0,0,0,0,20,16.89,0.0,0.0,0,0,0,0,0,0,0,0,0,0,0,0,0
2021-10-26,1,0,0,0,0,0,0,0,0,0,12,10.02,0.0,0.0,0,0,0,0,0,0,0,0,0,0,0,0,0
2021-10-28,3,1,0,0,0,0,0,0,5,1,118,98.58,0.0,0.0,0,0,0,0,0,0,0,0,0,0,0,1,0
2021-10-31,1,0,0,1,0,0,0,0,0,0,16,13.33,0.0,0.0,0,0,0,0,0,0,0,0,0,0,0,0,0
2021-11-02,3,0,0,0,0,1,0,1,0,0,16,13.69,0.0,0.0,0,0,0,0,0,0,0,0,0,0,0,1,0
2021-11-04,2,0,0,0,0,0,0,0,1,0,58,49.03,0.0,0.0,0,0,0,0,0,0,0,0,0,0,0,0,0
2021-11-06,2,0,0,0,0,0,0,0,1,0,51,42.87,0.0,0.0,0,0,0,0,0,0,0,0,0,0,0,0,0
2021-11-07,1,0,0,0,0,0,0,0,0,0,56,46.67,0.0,0.0,0,0,0,0,0,0,0,0,0,0,0,0,0
2021-11-09,2,0,0,0,0,0,0,0,3,0,113,94.96,0.0,0.0,0,0,0,0,0,0,0,0,0,0,0,0,0
2021-11-11,4,0,0,0,0,0,0,0,0,0,12,10.4,0.0,0.0,0,0,0,0,0,0,0,0,0,0,0,0,0
2021-11-12,2,0,0,0,0,0,0,0,2,0,85,71.32,0.0,0.0,0,0,0,0,0,0,0,0,0,0,0,0,0
2021-11-13,4,0,0,0,0,0,0,0,2,0,36,30.81,0.0,0.0,0,0,0,0,0,0,0,0,0,0,0,0,0
2021-11-14,4,0,0,0,0,0,0,0,4,0,60,50.78,0.0,0.0,0,0,0,0,0,0,0,0,0,0,0,0,0
2021-11-15,4,0,0,0,0,1,0,0,4,0,72,60.77,0.0,0.0,0,0,0,0,0,0,0,0,0,0,0,0,0
2021-11-16,5,0,0,0,0,0,0,0,4,0,56,47.02,0.0,0.0,0,0,0,0,0,0,0,0,0,0,0,0,0
2021-11-17,5,0,0,0,0,0,0,0,0,0,11,9.33,0.0,0.0,0,0,0,0,0,0,0,0,0,0,0,0,0
2021-11-18,3,0,0,0,0,0,1,0,0,0,7,6.11,0.0,0.0,0,0,0,0,0,0,0,0,0,0,0,0,0
2021-11-19,2,0,0,0,0,0,0,0,2,0,84,70.56,0.0,0.0,0,0,0,0,0,0,0,0,0,0,0,0,0
2021-11-20,2,0,0,0,0,0,0,0,1,0,55,45.99,0.0,0.0,0,0,0,0,0,0,0,0,0,0,0,0,0
2021-11-21,2,0,0,0,0,0,0,0,0,0,10,8.71,0.0,0.0,0,0,0,0,0,0,0,0,0,0,0,0,0
2021-11-22,9,3,0,0,0,0,0,0,10,5,66,55.74,0.0,0.0,0,0,0,0,0,0,0,0,0,0,0,0,0
2021-11-23,3,0,0,0,0,0,0,0,0,0,8,6.69,0.0,0.0,0,0,0,0,0,0,0,0,0,0,0,0,0
2021-11-24,4,0,0,0,0,0,0,0,0,0,11,9.55,0.0,0.0,0,0,0,0,0,0,0,0,0,0,0,0,0
2021-11-25,3,0,0,0,0,0,0,0,0,0,0,0.25,0.0,0.0,0,0,0,0,0,0,0,0,0,0,0,0,0
2021-11-26,1,0,0,0,0,0,0,0,0,0,0,0.08,0.0,0.0,0,0,0,0,0,0,0,0,0,0,0,0,0
2021-11-27,19,16,0,0,0,0,0,0,33,31,106,89.09,0.0,0.0,0,0,0,0,0,0,0,0,0,0,0,0,0
2021-11-28,4,2,0,0,0,0,0,0,2,2,32,26.97,0.0,0.0,0,0,0,0,0,0,0,0,0,0,0,0,0
2021-11-29,2,0,0,0,0,0,0,0,1,0,51,43.21,0.0,0.0,0,0,0,0,0,0,0,0,0,0,0,0,0
2021-11-30,4,0,0,0,0,0,0,0,2,0,35,29.48,0.0,0.0,0,0,0,0,0,0,0,0,0,0,0,0,0
2021-12-01,4,0,0,0,0,0,0,0,3,0,45,37.68,0.0,0.0,0,0,0,0,0,0,0,0,0,0,0,0,0
2021-12-02,3,0,0,0,0,0,0,0,3,0,66,55.19,0.0,0.0,0,0,0,0,0,0,0,0,0,0,0,0,0
2021-12-03,1,0,0,0,0,0,0,0,0,0,8,7.08,0.0,0.0,0,0,0,0,0,0,0,0,0,0,0,0,0
2021-12-04,1,0,0,0,0,0,0,0,0,0,1,0.9199999999999999,0.0,0.0,0,0,0,0,0,0,0,0,0,0,0,0,0
2021-12-05,3,0,0,0,0,5,3,0,1,0,31,26.030000000000005,0.0,0.0,0,0,0,0,0,0,0,0,0,0,0,0,0
2021-12-06,3,0,0,0,0,0,0,0,2,0,56,47.3,0.0,0.0,0,0,0,0,0,0,0,0,0,0,0,0,0
2021-12-07,2,0,0,0,0,1,1,0,2,0,74,62.19,0.0,0.0,0,0,0,0,0,0,0,0,0,0,0,0,0
2021-12-09,1,0,0,0,0,0,0,0,1,0,71,59.78,0.0,0.0,0,0,0,0,0,0,0,0,0,0,0,0,0
2021-12-10,3,0,0,0,0,0,0,0,3,0,74,62.14999999999999,0.0,0.0,0,0,0,0,0,0,0,0,0,0,0,1,0
2021-12-11,1,0,0,0,0,1,0,0,1,0,95,79.17,0.0,0.0,0,0,0,0,0,0,0,0,0,0,0,0,0
2021-12-12,3,0,0,1,0,0,0,0,4,0,83,69.41,0.0,0.0,0,0,0,0,0,0,0,0,0,0,0,0,0
2021-12-13,1,0,0,0,0,0,0,0,0,0,33,27.93,0.0,0.0,0,0,0,0,0,0,0,0,0,0,0,0,0
2021-12-14,1,0,0,0,0,0,0,0,0,0,7,6.0,0.0,0.0,0,0,0,0,0,0,0,0,0,0,0,0,0
2021-12-16,2,2,0,0,0,0,0,0,1,1,37,31.22,0.0,0.0,0,0,0,0,0,0,0,0,0,0,0,0,0
2021-12-17,2,0,0,0,0,0,0,0,0,0,10,8.33,0.0,0.0,0,0,0,0,0,0,0,0,0,0,0,0,0
2021-12-19,1,1,0,0,0,0,0,0,1,1,96,80.6,0.0,0.0,0,0,0,0,0,0,0,0,0,0,0,1,0
2021-12-20,1,0,0,0,0,0,0,0,1,0,112,93.33,0.0,0.0,0,0,0,0,0,0,0,0,0,0,0,0,0
2021-12-21,2,0,0,1,0,0,0,0,2,0,63,52.629999999999995,0.0,0.0,0,0,0,0,0,0,0,0,0,0,0,0,0
2021-12-23,2,0,0,0,0,0,0,0,1,0,41,34.93,0.0,0.0,0,0,0,0,0,0,0,0,0,0,0,0,0
2021-12-24,1,1,0,0,0,0,0,0,1,1,119,99.42,0.0,0.0,0,0,0,0,0,0,0,0,0,0,0,0,0
2021-12-25,2,0,0,0,0,0,0,0,1,0,43,36.45,0.0,0.0,0,0,0,0,0,0,0,0,0,0,0,0,0
2021-12-26,1,0,0,0,0,0,0,0,1,0,84,70.65,0.0,0.0,0,0,0,0,0,0,0,0,0,0,0,0,0
2021-12-28,4,0,0,0,0,0,0,0,1,0,24,20.79,0.0,0.0,0,0,0,0,0,0,0,0,0,0,0,0,0
2021-12-29,6,0,0,0,0,0,0,0,2,0,28,23.9,0.0,0.0,0,0,0,0,0,0,0,0,0,0,0,0,0
2021-12-30,1,0,0,0,0,0,0,0,1,0,111,92.95,0.0,0.0,0,0,0,0,0,0,0,0,0,0,0,0,0
2021-12-31,1,0,0,0,0,0,0,0,0,0,6,5.07,0.0,0.0,0,0,0,0,0,0,0,0,0,0,0,0,0
2022-01-04,1,0,0,0,0,0,0,0,0,0,58,48.71,0.0,0.0,0,0,0,0,0,0,0,0,0,0,0,0,0
2022-01-05,1,0,0,0,0,0,0,0,0,0,14,12.27,0.0,0.0,0,0,0,0,0,0,0,0,0,0,0,0,0
2022-01-06,6,0,0,0,0,0,0,0,5,0,55,46.36,0.0,0.0,0,0,0,0,0,0,0,0,0,0,0,0,0
2022-01-07,2,0,0,0,0,0,0,0,2,0,65,54.17000000000001,0.0,0.0,0,0,0,0,0,0,0,0,0,0,0,0,0
2022-01-08,2,0,0,0,0,0,0,0,0,0,5,4.67,0.0,0.0,0,0,0,0,0,0,0,0,0,0,0,0,0
2022-01-09,3,0,0,1,0,0,0,0,2,0,44,37.38,0.0,0.0,0,0,0,0,0,0,0,0,0,0,0,1,0
2022-01-10,1,0,0,0,0,0,0,0,0,0,2,1.67,0.0,0.0,0,0,0,0,0,0,0,0,0,0,0,0,0
2022-01-11,1,0,0,0,0,0,0,0,0,0,2,2.15,0.0,0.0,0,0,0,0,0,0,0,0,0,0,0,0,0
2022-01-12,1,0,0,0,0,0,0,0,0,0,14,11.67,0.0,0.0,0,0,0,0,0,0,0,0,0,0,0,0,0
2022-01-13,2,0,0,0,0,0,0,0,0,0,0,0.51,0.0,0.0,0,0,0,0,0,0,0,0,0,0,0,0,0
2022-01-16,2,0,0,0,0,0,0,0,0,0,22,19.13,0.0,0.0,0,0,0,0,0,0,0,0,0,0,0,0,0
2022-01-17,4,0,0,0,0,0,0,0,4,0,62,52.349999999999994,0.0,0.0,0,0,0,0,0,0,0,0,0,0,0,0,0
2022-01-18,1,0,0,0,0,0,0,0,0,0,3,2.94,0.0,0.0,0,0,0,0,0,0,0,0,0,0,0,0,0
2022-01-19,2,1,0,0,0,0,0,0,3,1,116,96.71,0.0,0.0,0,0,0,0,0,0,0,0,0,0,0,1,0
2022-01-20,1,0,0,1,0,0,0,0,1,0,116,97.22,0.0,0.0,0,0,0,0,0,0,0,0,0,0,0,0,0
2022-01-21,1,0,0,0,0,0,0,0,0,0,7,6.529999999999999,0.0,0.0,0,0,0,0,0,0,0,0,0,0,0,0,0
2022-01-22,2,0,0,0,0,0,0,0,3,0,117,98.0,0.0,0.0,0,0,0,0,0,0,0,0,0,0,0,0,0
2022-01-23,2,0,0,0,0,0,0,0,1,0,54,45.47,0.0,0.0,0,0,0,0,0,0,0,0,0,0,0,0,0
2022-01-24,2,0,0,0,0,0,0,0,2,0,63,53.02,0.0,0.0,0,0,0,0,0,0,0,0,0,0,0,0,0
2022-01-25,3,0,0,1,0,0,0,0,3,0,69,57.54,0.0,0.0,0,0,0,0,0,0,0,0,0,0,0,0,0
2022-01-26,2,0,0,0,0,0,0,0,2,0,72,60.11,0.0,0.0,0,0,0,0,0,0,0,0,0,0,0,0,0
2022-01-27,2,0,0,0,0,0,0,0,0,0,19,15.85,0.0,0.0,0,0,0,0,0,0,0,0,0,0,0,0,0
2022-01-28,1,0,0,0,0,0,0,0,1,0,109,91.27,0.0,0.0,0,0,0,0,0,0,0,0,0,0,0,0,0
2022-01-29,2,1,0,0,0,0,0,0,1,0,34,28.84,0.0,0.0,0,0,0,0,0,0,0,0,0,0,0,0,0
2022-01-30,6,3,0,0,0,0,0,0,5,0,50,42.26,0.0,0.0,0,0,0,0,0,0,0,0,0,0,0,0,0
2022-02-01,2,0,0,1,0,0,0,0,2,0,67,55.85,0.0,0.0,0,0,0,0,0,0,0,0,0,0,0,0,0
2022-02-03,1,0,0,0,0,0,0,0,0,0,5,4.62,0.0,0.0,0,0,0,0,0,0,0,0,0,0,0,0,0
2022-02-04,0,0,0,0,0,2,2,0,0,0,0,0.0,0.0,0.0,0,0,0,0,0,0,0,0,0,0,0,0,0
2022-02-05,0,0,0,0,0,1,0,0,0,0,0,0.0,0.0,0.0,0,0,0,0,0,0,0,0,0,0,0,0,0
2022-02-06,1,0,0,0,0,0,0,0,0,0,20,17.42,0.0,0.0,0,0,0,0,0,0,0,0,0,0,0,0,0
2022-02-07,1,0,0,0,0,0,0,0,1,0,112,93.85,0.0,0.0,0,0,0,0,0,0,0,0,0,0,0,0,0
2022-02-08,1,0,0,0,0,0,0,0,0,0,15,12.78,0.0,0.0,0,0,0,0,0,0,0,0,0,0,0,0,0
2022-02-11,0,0,0,0,0,1,1,0,0,0,0,0.0,0.0,0.0,0,0,0,0,0,0,0,0,0,0,0,0,0
2022-02-12,1,0,0,0,0,0,0,0,1,0,102,85.17,0.0,0.0,0,0,0,0,0,0,0,0,0,0,0,0,0
2022-02-13,2,0,0,0,0,0,0,0,2,0,79,66.4,0.0,0.0,0,0,0,0,0,0,0,0,0,0,0,0,0
2022-02-15,1,0,0,0,0,0,0,0,0,0,0,0.16,0.0,0.0,0,0,0,0,0,0,0,0,0,0,0,0,0
2022-02-17,1,0,0,0,0,0,0,0,1,0,119,99.42,0.0,0.0,0,0,0,0,0,0,0,0,0,0,0,0,0
2022-02-18,1,0,0,0,0,0,0,0,0,0,11,9.17,0.0,0.0,0,0,0,0,0,0,0,0,0,0,0,0,0
2022-02-22,2,0,0,0,0,0,0,0,3,0,116,97.18,0.0,0.0,0,0,0,0,0,0,0,0,0,0,0,0,0
2022-02-23,2,0,0,0,0,0,0,0,3,0,100,83.96,0.0,0.0,0,0,0,0,0,0,0,0,0,0,0,0,0
2022-02-24,5,0,0,0,0,0,0,0,3,0,45,37.87,0.0,0.0,0,0,0,0,0,0,0,0,0,0,0,0,0
2022-02-25,3,0,0,0,0,0,0,0,2,0,43,36.23,0.0,0.0,0,0,0,0,0,0,0,0,0,0,0,0,0
