videoID,day,likes
yzqbN6z8ncc,2015-06-11,0
yzqbN6z8ncc,2015-06-12,41
yzqbN6z8ncc,2015-06-13,44
yzqbN6z8ncc,2015-06-14,19
yzqbN6z8ncc,2015-06-15,5
yzqbN6z8ncc,2015-06-16,2
yzqbN6z8ncc,2015-06-17,2
yzqbN6z8ncc,2015-06-18,3
yzqbN6z8ncc,2015-06-19,2
yzqbN6z8ncc,2015-06-20,2
yzqbN6z8ncc,2015-06-21,4
yzqbN6z8ncc,2015-06-22,1
yzqbN6z8ncc,2015-06-23,6
yzqbN6z8ncc,2015-06-24,0
yzqbN6z8ncc,2015-06-25,3
yzqbN6z8ncc,2015-06-26,0
yzqbN6z8ncc,2015-06-27,2
yzqbN6z8ncc,2015-06-28,0
yzqbN6z8ncc,2015-06-29,0
yzqbN6z8ncc,2015-06-30,2
yzqbN6z8ncc,2015-07-01,0
yzqbN6z8ncc,2015-07-02,1
yzqbN6z8ncc,2015-07-03,0
yzqbN6z8ncc,2015-07-04,2
yzqbN6z8ncc,2015-07-05,3
yzqbN6z8ncc,2015-07-06,1
yzqbN6z8ncc,2015-07-07,2
yzqbN6z8ncc,2015-07-08,0
yzqbN6z8ncc,2015-07-09,1
yzqbN6z8ncc,2015-07-10,2
yzqbN6z8ncc,2015-07-11,0
yzqbN6z8ncc,2015-07-12,3
yzqbN6z8ncc,2015-07-13,1
yzqbN6z8ncc,2015-07-14,0
yzqbN6z8ncc,2015-07-15,3
yzqbN6z8ncc,2015-07-16,2
yzqbN6z8ncc,2015-07-17,0
yzqbN6z8ncc,2015-07-18,0
yzqbN6z8ncc,2015-07-19,1
yzqbN6z8ncc,2015-07-20,2
yzqbN6z8ncc,2015-07-21,0
yzqbN6z8ncc,2015-07-22,0
yzqbN6z8ncc,2015-07-23,0
yzqbN6z8ncc,2015-07-24,1
yzqbN6z8ncc,2015-07-25,0
yzqbN6z8ncc,2015-07-26,2
yzqbN6z8ncc,2015-07-27,0
yzqbN6z8ncc,2015-07-28,1
yzqbN6z8ncc,2015-07-29,0
yzqbN6z8ncc,2015-07-30,1
yzqbN6z8ncc,2015-07-31,1
yzqbN6z8ncc,2015-08-01,3
yzqbN6z8ncc,2015-08-02,1
yzqbN6z8ncc,2015-08-03,2
yzqbN6z8ncc,2015-08-04,1
yzqbN6z8ncc,2015-08-05,2
yzqbN6z8ncc,2015-08-06,2
yzqbN6z8ncc,2015-08-07,4
yzqbN6z8ncc,2015-08-08,1
yzqbN6z8ncc,2015-08-09,0
yzqbN6z8ncc,2015-08-10,0
yzqbN6z8ncc,2015-08-11,0
yzqbN6z8ncc,2015-08-12,0
yzqbN6z8ncc,2015-08-13,1
yzqbN6z8ncc,2015-08-14,0
yzqbN6z8ncc,2015-08-15,0
yzqbN6z8ncc,2015-08-16,1
yzqbN6z8ncc,2015-08-17,2
yzqbN6z8ncc,2015-08-18,1
yzqbN6z8ncc,2015-08-19,0
yzqbN6z8ncc,2015-08-20,2
yzqbN6z8ncc,2015-08-21,0
yzqbN6z8ncc,2015-08-22,2
yzqbN6z8ncc,2015-08-23,1
yzqbN6z8ncc,2015-08-24,2
yzqbN6z8ncc,2015-08-25,1
yzqbN6z8ncc,2015-08-26,0
yzqbN6z8ncc,2015-08-27,0
yzqbN6z8ncc,2015-08-28,0
yzqbN6z8ncc,2015-08-29,0
yzqbN6z8ncc,2015-08-30,2
yzqbN6z8ncc,2015-08-31,0
yzqbN6z8ncc,2015-09-01,0
yzqbN6z8ncc,2015-09-02,1
yzqbN6z8ncc,2015-09-03,1
yzqbN6z8ncc,2015-09-04,3
yzqbN6z8ncc,2015-09-05,1
yzqbN6z8ncc,2015-09-06,0
yzqbN6z8ncc,2015-09-07,0
yzqbN6z8ncc,2015-09-08,1
yzqbN6z8ncc,2015-09-09,0
yzqbN6z8ncc,2015-09-10,0
yzqbN6z8ncc,2015-09-11,0
yzqbN6z8ncc,2015-09-12,0
yzqbN6z8ncc,2015-09-13,1
yzqbN6z8ncc,2015-09-14,0
yzqbN6z8ncc,2015-09-15,0
yzqbN6z8ncc,2015-09-16,1
yzqbN6z8ncc,2015-09-17,0
yzqbN6z8ncc,2015-09-18,1
yzqbN6z8ncc,2015-09-19,0
yzqbN6z8ncc,2015-09-20,0
yzqbN6z8ncc,2015-09-21,0
yzqbN6z8ncc,2015-09-22,3
yzqbN6z8ncc,2015-09-23,2
yzqbN6z8ncc,2015-09-24,1
yzqbN6z8ncc,2015-09-25,0
yzqbN6z8ncc,2015-09-26,2
yzqbN6z8ncc,2015-09-27,1
yzqbN6z8ncc,2015-09-28,1
yzqbN6z8ncc,2015-09-29,4
yzqbN6z8ncc,2015-09-30,0
yzqbN6z8ncc,2015-10-01,1
yzqbN6z8ncc,2015-10-02,0
yzqbN6z8ncc,2015-10-03,2
yzqbN6z8ncc,2015-10-04,1
yzqbN6z8ncc,2015-10-05,0
yzqbN6z8ncc,2015-10-06,0
yzqbN6z8ncc,2015-10-07,0
yzqbN6z8ncc,2015-10-08,1
yzqbN6z8ncc,2015-10-09,1
yzqbN6z8ncc,2015-10-10,0
yzqbN6z8ncc,2015-10-11,1
yzqbN6z8ncc,2015-10-12,1
yzqbN6z8ncc,2015-10-13,2
yzqbN6z8ncc,2015-10-14,1
yzqbN6z8ncc,2015-10-15,0
yzqbN6z8ncc,2015-10-16,1
yzqbN6z8ncc,2015-10-17,0
yzqbN6z8ncc,2015-10-18,0
yzqbN6z8ncc,2015-10-19,2
yzqbN6z8ncc,2015-10-20,0
yzqbN6z8ncc,2015-10-21,0
yzqbN6z8ncc,2015-10-22,0
yzqbN6z8ncc,2015-10-23,1
yzqbN6z8ncc,2015-10-24,1
yzqbN6z8ncc,2015-10-25,3
yzqbN6z8ncc,2015-10-26,2
yzqbN6z8ncc,2015-10-27,1
yzqbN6z8ncc,2015-10-28,0
yzqbN6z8ncc,2015-10-29,2
yzqbN6z8ncc,2015-10-30,0
yzqbN6z8ncc,2015-10-31,2
yzqbN6z8ncc,2015-11-01,2
yzqbN6z8ncc,2015-11-02,0
yzqbN6z8ncc,2015-11-03,1
yzqbN6z8ncc,2015-11-04,2
yzqbN6z8ncc,2015-11-05,1
yzqbN6z8ncc,2015-11-06,0
yzqbN6z8ncc,2015-11-07,0
yzqbN6z8ncc,2015-11-08,0
yzqbN6z8ncc,2015-11-09,0
yzqbN6z8ncc,2015-11-10,0
yzqbN6z8ncc,2015-11-11,0
yzqbN6z8ncc,2015-11-12,0
yzqbN6z8ncc,2015-11-13,1
yzqbN6z8ncc,2015-11-14,0
yzqbN6z8ncc,2015-11-15,0
yzqbN6z8ncc,2015-11-16,1
yzqbN6z8ncc,2015-11-17,0
yzqbN6z8ncc,2015-11-18,1
yzqbN6z8ncc,2015-11-19,0
yzqbN6z8ncc,2015-11-20,1
yzqbN6z8ncc,2015-11-21,1
yzqbN6z8ncc,2015-11-22,0
yzqbN6z8ncc,2015-11-23,1
yzqbN6z8ncc,2015-11-24,0
yzqbN6z8ncc,2015-11-25,0
yzqbN6z8ncc,2015-11-26,1
yzqbN6z8ncc,2015-11-27,0
yzqbN6z8ncc,2015-11-28,1
yzqbN6z8ncc,2015-11-29,2
yzqbN6z8ncc,2015-11-30,2
yzqbN6z8ncc,2015-12-01,0
yzqbN6z8ncc,2015-12-02,0
yzqbN6z8ncc,2015-12-03,1
yzqbN6z8ncc,2015-12-04,0
yzqbN6z8ncc,2015-12-05,0
yzqbN6z8ncc,2015-12-06,1
yzqbN6z8ncc,2015-12-07,1
yzqbN6z8ncc,2015-12-08,4
yzqbN6z8ncc,2015-12-09,2
yzqbN6z8ncc,2015-12-10,1
yzqbN6z8ncc,2015-12-11,0
yzqbN6z8ncc,2015-12-12,0
yzqbN6z8ncc,2015-12-13,0
yzqbN6z8ncc,2015-12-14,1
yzqbN6z8ncc,2015-12-15,0
yzqbN6z8ncc,2015-12-16,0
yzqbN6z8ncc,2015-12-17,1
yzqbN6z8ncc,2015-12-18,1
yzqbN6z8ncc,2015-12-19,0
yzqbN6z8ncc,2015-12-20,1
yzqbN6z8ncc,2015-12-21,0
yzqbN6z8ncc,2015-12-22,0
yzqbN6z8ncc,2015-12-23,0
yzqbN6z8ncc,2015-12-24,1
yzqbN6z8ncc,2015-12-25,1
yzqbN6z8ncc,2015-12-26,1
yzqbN6z8ncc,2015-12-27,1
yzqbN6z8ncc,2015-12-28,0
yzqbN6z8ncc,2015-12-29,0
yzqbN6z8ncc,2015-12-30,2
yzqbN6z8ncc,2015-12-31,0
yzqbN6z8ncc,2016-01-01,0
yzqbN6z8ncc,2016-01-02,3
yzqbN6z8ncc,2016-01-03,0
yzqbN6z8ncc,2016-01-04,1
yzqbN6z8ncc,2016-01-05,2
yzqbN6z8ncc,2016-01-06,0
yzqbN6z8ncc,2016-01-07,4
yzqbN6z8ncc,2016-01-08,0
yzqbN6z8ncc,2016-01-09,1
yzqbN6z8ncc,2016-01-10,0
yzqbN6z8ncc,2016-01-11,1
yzqbN6z8ncc,2016-01-12,0
yzqbN6z8ncc,2016-01-13,1
yzqbN6z8ncc,2016-01-14,3
yzqbN6z8ncc,2016-01-15,0
yzqbN6z8ncc,2016-01-16,1
yzqbN6z8ncc,2016-01-17,0
yzqbN6z8ncc,2016-01-18,0
yzqbN6z8ncc,2016-01-19,0
yzqbN6z8ncc,2016-01-20,0
yzqbN6z8ncc,2016-01-21,0
yzqbN6z8ncc,2016-01-22,1
yzqbN6z8ncc,2016-01-23,0
yzqbN6z8ncc,2016-01-24,2
yzqbN6z8ncc,2016-01-25,0
yzqbN6z8ncc,2016-01-26,1
yzqbN6z8ncc,2016-01-27,0
yzqbN6z8ncc,2016-01-28,1
yzqbN6z8ncc,2016-01-29,2
yzqbN6z8ncc,2016-01-30,0
yzqbN6z8ncc,2016-01-31,2
yzqbN6z8ncc,2016-02-01,1
yzqbN6z8ncc,2016-02-02,0
yzqbN6z8ncc,2016-02-03,1
yzqbN6z8ncc,2016-02-04,1
yzqbN6z8ncc,2016-02-05,1
yzqbN6z8ncc,2016-02-06,0
yzqbN6z8ncc,2016-02-07,2
yzqbN6z8ncc,2016-02-08,2
yzqbN6z8ncc,2016-02-09,0
yzqbN6z8ncc,2016-02-10,0
yzqbN6z8ncc,2016-02-11,2
yzqbN6z8ncc,2016-02-12,1
yzqbN6z8ncc,2016-02-13,1
yzqbN6z8ncc,2016-02-14,3
yzqbN6z8ncc,2016-02-15,0
yzqbN6z8ncc,2016-02-16,1
yzqbN6z8ncc,2016-02-17,1
yzqbN6z8ncc,2016-02-18,0
yzqbN6z8ncc,2016-02-19,0
yzqbN6z8ncc,2016-02-20,2
yzqbN6z8ncc,2016-02-21,0
yzqbN6z8ncc,2016-02-22,2
yzqbN6z8ncc,2016-02-23,1
yzqbN6z8ncc,2016-02-24,4
yzqbN6z8ncc,2016-02-25,2
yzqbN6z8ncc,2016-02-26,2
yzqbN6z8ncc,2016-02-27,1
yzqbN6z8ncc,2016-02-28,1
yzqbN6z8ncc,2016-02-29,1
yzqbN6z8ncc,2016-03-01,6
yzqbN6z8ncc,2016-03-02,1
yzqbN6z8ncc,2016-03-03,0
yzqbN6z8ncc,2016-03-04,1
yzqbN6z8ncc,2016-03-05,1
yzqbN6z8ncc,2016-03-06,1
yzqbN6z8ncc,2016-03-07,3
yzqbN6z8ncc,2016-03-08,1
yzqbN6z8ncc,2016-03-09,0
yzqbN6z8ncc,2016-03-10,2
yzqbN6z8ncc,2016-03-11,1
yzqbN6z8ncc,2016-03-12,0
yzqbN6z8ncc,2016-03-13,1
yzqbN6z8ncc,2016-03-14,1
yzqbN6z8ncc,2016-03-15,1
yzqbN6z8ncc,2016-03-16,1
yzqbN6z8ncc,2016-03-17,0
yzqbN6z8ncc,2016-03-18,0
yzqbN6z8ncc,2016-03-19,1
yzqbN6z8ncc,2016-03-20,0
yzqbN6z8ncc,2016-03-21,1
yzqbN6z8ncc,2016-03-22,1
yzqbN6z8ncc,2016-03-23,0
yzqbN6z8ncc,2016-03-24,1
yzqbN6z8ncc,2016-03-25,0
yzqbN6z8ncc,2016-03-26,2
yzqbN6z8ncc,2016-03-27,2
yzqbN6z8ncc,2016-03-28,0
yzqbN6z8ncc,2016-03-29,2
yzqbN6z8ncc,2016-03-30,1
yzqbN6z8ncc,2016-03-31,0
yzqbN6z8ncc,2016-04-01,0
yzqbN6z8ncc,2016-04-02,1
yzqbN6z8ncc,2016-04-03,0
yzqbN6z8ncc,2016-04-04,0
yzqbN6z8ncc,2016-04-05,2
yzqbN6z8ncc,2016-04-06,0
yzqbN6z8ncc,2016-04-07,2
yzqbN6z8ncc,2016-04-08,1
yzqbN6z8ncc,2016-04-09,1
yzqbN6z8ncc,2016-04-10,1
yzqbN6z8ncc,2016-04-11,1
yzqbN6z8ncc,2016-04-12,2
yzqbN6z8ncc,2016-04-13,0
yzqbN6z8ncc,2016-04-14,0
yzqbN6z8ncc,2016-04-15,0
yzqbN6z8ncc,2016-04-16,3
yzqbN6z8ncc,2016-04-17,1
yzqbN6z8ncc,2016-04-18,2
yzqbN6z8ncc,2016-04-19,2
yzqbN6z8ncc,2016-04-20,1
yzqbN6z8ncc,2016-04-21,1
yzqbN6z8ncc,2016-04-22,0
yzqbN6z8ncc,2016-04-23,1
yzqbN6z8ncc,2016-04-24,0
yzqbN6z8ncc,2016-04-25,0
yzqbN6z8ncc,2016-04-26,1
yzqbN6z8ncc,2016-04-27,1
yzqbN6z8ncc,2016-04-28,1
yzqbN6z8ncc,2016-04-29,0
yzqbN6z8ncc,2016-04-30,0
yzqbN6z8ncc,2016-05-01,1
yzqbN6z8ncc,2016-05-02,0
yzqbN6z8ncc,2016-05-03,2
yzqbN6z8ncc,2016-05-04,0
yzqbN6z8ncc,2016-05-05,0
yzqbN6z8ncc,2016-05-06,0
yzqbN6z8ncc,2016-05-07,2
yzqbN6z8ncc,2016-05-08,2
yzqbN6z8ncc,2016-05-09,0
yzqbN6z8ncc,2016-05-10,2
yzqbN6z8ncc,2016-05-11,1
yzqbN6z8ncc,2016-05-12,2
yzqbN6z8ncc,2016-05-13,1
yzqbN6z8ncc,2016-05-14,0
yzqbN6z8ncc,2016-05-15,1
yzqbN6z8ncc,2016-05-16,1
yzqbN6z8ncc,2016-05-17,0
yzqbN6z8ncc,2016-05-18,1
yzqbN6z8ncc,2016-05-19,1
yzqbN6z8ncc,2016-05-20,1
yzqbN6z8ncc,2016-05-21,0
yzqbN6z8ncc,2016-05-22,0
yzqbN6z8ncc,2016-05-23,0
yzqbN6z8ncc,2016-05-24,0
yzqbN6z8ncc,2016-05-25,3
yzqbN6z8ncc,2016-05-26,0
yzqbN6z8ncc,2016-05-27,3
yzqbN6z8ncc,2016-05-28,0
yzqbN6z8ncc,2016-05-29,1
yzqbN6z8ncc,2016-05-30,2
yzqbN6z8ncc,2016-05-31,2
yzqbN6z8ncc,2016-06-01,1
yzqbN6z8ncc,2016-06-02,0
yzqbN6z8ncc,2016-06-03,0
yzqbN6z8ncc,2016-06-04,1
yzqbN6z8ncc,2016-06-05,0
yzqbN6z8ncc,2016-06-06,1
yzqbN6z8ncc,2016-06-07,1
yzqbN6z8ncc,2016-06-08,1
yzqbN6z8ncc,2016-06-09,3
yzqbN6z8ncc,2016-06-10,1
yzqbN6z8ncc,2016-06-11,1
yzqbN6z8ncc,2016-06-12,3
yzqbN6z8ncc,2016-06-13,2
yzqbN6z8ncc,2016-06-14,1
yzqbN6z8ncc,2016-06-15,0
yzqbN6z8ncc,2016-06-16,1
yzqbN6z8ncc,2016-06-17,2
yzqbN6z8ncc,2016-06-18,0
yzqbN6z8ncc,2016-06-19,1
yzqbN6z8ncc,2016-06-20,0
yzqbN6z8ncc,2016-06-21,1
yzqbN6z8ncc,2016-06-22,0
yzqbN6z8ncc,2016-06-23,0
yzqbN6z8ncc,2016-06-24,2
yzqbN6z8ncc,2016-06-25,0
yzqbN6z8ncc,2016-06-26,0
yzqbN6z8ncc,2016-06-27,1
yzqbN6z8ncc,2016-06-28,0
yzqbN6z8ncc,2016-06-29,0
yzqbN6z8ncc,2016-06-30,1
yzqbN6z8ncc,2016-07-01,2
yzqbN6z8ncc,2016-07-02,1
yzqbN6z8ncc,2016-07-03,1
yzqbN6z8ncc,2016-07-04,1
yzqbN6z8ncc,2016-07-05,2
yzqbN6z8ncc,2016-07-06,2
yzqbN6z8ncc,2016-07-07,2
yzqbN6z8ncc,2016-07-08,0
yzqbN6z8ncc,2016-07-09,2
yzqbN6z8ncc,2016-07-10,1
yzqbN6z8ncc,2016-07-11,0
yzqbN6z8ncc,2016-07-12,3
yzqbN6z8ncc,2016-07-13,0
yzqbN6z8ncc,2016-07-14,2
yzqbN6z8ncc,2016-07-15,0
yzqbN6z8ncc,2016-07-16,2
yzqbN6z8ncc,2016-07-17,1
yzqbN6z8ncc,2016-07-18,1
yzqbN6z8ncc,2016-07-19,2
yzqbN6z8ncc,2016-07-20,2
yzqbN6z8ncc,2016-07-21,0
yzqbN6z8ncc,2016-07-22,1
yzqbN6z8ncc,2016-07-23,0
yzqbN6z8ncc,2016-07-24,3
yzqbN6z8ncc,2016-07-25,0
yzqbN6z8ncc,2016-07-26,2
yzqbN6z8ncc,2016-07-27,0
yzqbN6z8ncc,2016-07-28,0
yzqbN6z8ncc,2016-07-29,1
yzqbN6z8ncc,2016-07-30,0
yzqbN6z8ncc,2016-07-31,2
yzqbN6z8ncc,2016-08-01,0
yzqbN6z8ncc,2016-08-02,2
yzqbN6z8ncc,2016-08-03,2
yzqbN6z8ncc,2016-08-04,1
yzqbN6z8ncc,2016-08-05,1
yzqbN6z8ncc,2016-08-06,0
yzqbN6z8ncc,2016-08-07,2
yzqbN6z8ncc,2016-08-08,2
yzqbN6z8ncc,2016-08-09,1
yzqbN6z8ncc,2016-08-10,2
yzqbN6z8ncc,2016-08-11,1
yzqbN6z8ncc,2016-08-12,1
yzqbN6z8ncc,2016-08-13,0
yzqbN6z8ncc,2016-08-14,2
yzqbN6z8ncc,2016-08-15,0
yzqbN6z8ncc,2016-08-16,0
yzqbN6z8ncc,2016-08-17,0
yzqbN6z8ncc,2016-08-18,0
yzqbN6z8ncc,2016-08-19,2
yzqbN6z8ncc,2016-08-20,0
yzqbN6z8ncc,2016-08-21,0
yzqbN6z8ncc,2016-08-22,1
yzqbN6z8ncc,2016-08-23,0
yzqbN6z8ncc,2016-08-24,0
yzqbN6z8ncc,2016-08-25,5
yzqbN6z8ncc,2016-08-26,2
yzqbN6z8ncc,2016-08-27,0
yzqbN6z8ncc,2016-08-28,1
yzqbN6z8ncc,2016-08-29,0
yzqbN6z8ncc,2016-08-30,1
yzqbN6z8ncc,2016-08-31,0
yzqbN6z8ncc,2016-09-01,1
yzqbN6z8ncc,2016-09-02,0
yzqbN6z8ncc,2016-09-03,2
yzqbN6z8ncc,2016-09-04,2
yzqbN6z8ncc,2016-09-05,2
yzqbN6z8ncc,2016-09-06,0
yzqbN6z8ncc,2016-09-07,0
yzqbN6z8ncc,2016-09-08,1
yzqbN6z8ncc,2016-09-09,0
yzqbN6z8ncc,2016-09-10,0
yzqbN6z8ncc,2016-09-11,0
yzqbN6z8ncc,2016-09-12,0
yzqbN6z8ncc,2016-09-13,2
yzqbN6z8ncc,2016-09-14,0
yzqbN6z8ncc,2016-09-15,2
yzqbN6z8ncc,2016-09-16,0
yzqbN6z8ncc,2016-09-17,1
yzqbN6z8ncc,2016-09-18,1
yzqbN6z8ncc,2016-09-19,1
yzqbN6z8ncc,2016-09-20,0
yzqbN6z8ncc,2016-09-21,0
yzqbN6z8ncc,2016-09-22,1
yzqbN6z8ncc,2016-09-23,0
yzqbN6z8ncc,2016-09-24,1
yzqbN6z8ncc,2016-09-25,0
yzqbN6z8ncc,2016-09-26,0
yzqbN6z8ncc,2016-09-27,3
yzqbN6z8ncc,2016-09-28,0
yzqbN6z8ncc,2016-09-29,1
yzqbN6z8ncc,2016-09-30,1
yzqbN6z8ncc,2016-10-01,0
yzqbN6z8ncc,2016-10-02,0
yzqbN6z8ncc,2016-10-03,2
yzqbN6z8ncc,2016-10-04,2
yzqbN6z8ncc,2016-10-05,0
yzqbN6z8ncc,2016-10-06,0
yzqbN6z8ncc,2016-10-07,0
yzqbN6z8ncc,2016-10-08,1
yzqbN6z8ncc,2016-10-09,0
yzqbN6z8ncc,2016-10-10,0
yzqbN6z8ncc,2016-10-11,2
yzqbN6z8ncc,2016-10-12,0
yzqbN6z8ncc,2016-10-13,1
yzqbN6z8ncc,2016-10-14,0
yzqbN6z8ncc,2016-10-15,1
yzqbN6z8ncc,2016-10-16,3
yzqbN6z8ncc,2016-10-17,0
yzqbN6z8ncc,2016-10-18,0
yzqbN6z8ncc,2016-10-19,0
yzqbN6z8ncc,2016-10-20,1
yzqbN6z8ncc,2016-10-21,0
yzqbN6z8ncc,2016-10-22,0
yzqbN6z8ncc,2016-10-23,1
yzqbN6z8ncc,2016-10-24,0
yzqbN6z8ncc,2016-10-25,3
yzqbN6z8ncc,2016-10-26,1
yzqbN6z8ncc,2016-10-27,1
yzqbN6z8ncc,2016-10-28,0
yzqbN6z8ncc,2016-10-29,0
yzqbN6z8ncc,2016-10-30,1
yzqbN6z8ncc,2016-10-31,1
yzqbN6z8ncc,2016-11-01,0
yzqbN6z8ncc,2016-11-02,1
yzqbN6z8ncc,2016-11-03,1
yzqbN6z8ncc,2016-11-04,1
yzqbN6z8ncc,2016-11-05,2
yzqbN6z8ncc,2016-11-06,1
yzqbN6z8ncc,2016-11-07,2
yzqbN6z8ncc,2016-11-08,0
yzqbN6z8ncc,2016-11-09,1
yzqbN6z8ncc,2016-11-10,1
yzqbN6z8ncc,2016-11-11,0
yzqbN6z8ncc,2016-11-12,0
yzqbN6z8ncc,2016-11-13,2
yzqbN6z8ncc,2016-11-14,3
yzqbN6z8ncc,2016-11-15,1
yzqbN6z8ncc,2016-11-16,1
yzqbN6z8ncc,2016-11-17,3
yzqbN6z8ncc,2016-11-18,0
yzqbN6z8ncc,2016-11-19,4
yzqbN6z8ncc,2016-11-20,1
yzqbN6z8ncc,2016-11-21,2
yzqbN6z8ncc,2016-11-22,0
yzqbN6z8ncc,2016-11-23,1
yzqbN6z8ncc,2016-11-24,2
yzqbN6z8ncc,2016-11-25,0
yzqbN6z8ncc,2016-11-26,1
yzqbN6z8ncc,2016-11-27,0
yzqbN6z8ncc,2016-11-28,0
yzqbN6z8ncc,2016-11-29,0
yzqbN6z8ncc,2016-11-30,1
yzqbN6z8ncc,2016-12-01,1
yzqbN6z8ncc,2016-12-02,1
yzqbN6z8ncc,2016-12-03,0
yzqbN6z8ncc,2016-12-04,4
yzqbN6z8ncc,2016-12-05,0
yzqbN6z8ncc,2016-12-06,2
yzqbN6z8ncc,2016-12-07,0
yzqbN6z8ncc,2016-12-08,1
yzqbN6z8ncc,2016-12-09,2
yzqbN6z8ncc,2016-12-10,2
yzqbN6z8ncc,2016-12-11,0
yzqbN6z8ncc,2016-12-12,0
yzqbN6z8ncc,2016-12-13,1
yzqbN6z8ncc,2016-12-14,3
yzqbN6z8ncc,2016-12-15,1
yzqbN6z8ncc,2016-12-16,1
yzqbN6z8ncc,2016-12-17,2
yzqbN6z8ncc,2016-12-18,1
yzqbN6z8ncc,2016-12-19,3
yzqbN6z8ncc,2016-12-20,1
yzqbN6z8ncc,2016-12-21,1
yzqbN6z8ncc,2016-12-22,1
yzqbN6z8ncc,2016-12-23,2
yzqbN6z8ncc,2016-12-24,1
yzqbN6z8ncc,2016-12-25,1
yzqbN6z8ncc,2016-12-26,2
yzqbN6z8ncc,2016-12-27,1
yzqbN6z8ncc,2016-12-28,2
yzqbN6z8ncc,2016-12-29,2
yzqbN6z8ncc,2016-12-30,1
yzqbN6z8ncc,2016-12-31,0
yzqbN6z8ncc,2017-01-01,1
yzqbN6z8ncc,2017-01-02,3
yzqbN6z8ncc,2017-01-03,0
yzqbN6z8ncc,2017-01-04,0
yzqbN6z8ncc,2017-01-05,1
yzqbN6z8ncc,2017-01-06,0
yzqbN6z8ncc,2017-01-07,0
yzqbN6z8ncc,2017-01-08,1
yzqbN6z8ncc,2017-01-09,1
yzqbN6z8ncc,2017-01-10,3
yzqbN6z8ncc,2017-01-11,4
yzqbN6z8ncc,2017-01-12,0
yzqbN6z8ncc,2017-01-13,1
yzqbN6z8ncc,2017-01-14,1
yzqbN6z8ncc,2017-01-15,1
yzqbN6z8ncc,2017-01-16,0
yzqbN6z8ncc,2017-01-17,0
yzqbN6z8ncc,2017-01-18,5
yzqbN6z8ncc,2017-01-19,1
yzqbN6z8ncc,2017-01-20,0
yzqbN6z8ncc,2017-01-21,2
yzqbN6z8ncc,2017-01-22,2
yzqbN6z8ncc,2017-01-23,1
yzqbN6z8ncc,2017-01-24,0
yzqbN6z8ncc,2017-01-25,1
yzqbN6z8ncc,2017-01-26,0
yzqbN6z8ncc,2017-01-27,3
yzqbN6z8ncc,2017-01-28,1
yzqbN6z8ncc,2017-01-29,2
yzqbN6z8ncc,2017-01-30,1
yzqbN6z8ncc,2017-01-31,0
yzqbN6z8ncc,2017-02-01,1
yzqbN6z8ncc,2017-02-02,1
yzqbN6z8ncc,2017-02-03,3
yzqbN6z8ncc,2017-02-04,4
yzqbN6z8ncc,2017-02-05,1
yzqbN6z8ncc,2017-02-06,1
yzqbN6z8ncc,2017-02-07,2
yzqbN6z8ncc,2017-02-08,0
yzqbN6z8ncc,2017-02-09,2
yzqbN6z8ncc,2017-02-10,1
yzqbN6z8ncc,2017-02-11,0
yzqbN6z8ncc,2017-02-12,5
yzqbN6z8ncc,2017-02-13,3
yzqbN6z8ncc,2017-02-14,3
yzqbN6z8ncc,2017-02-15,-1
yzqbN6z8ncc,2017-02-16,2
yzqbN6z8ncc,2017-02-17,2
yzqbN6z8ncc,2017-02-18,1
yzqbN6z8ncc,2017-02-19,3
yzqbN6z8ncc,2017-02-20,2
yzqbN6z8ncc,2017-02-21,1
yzqbN6z8ncc,2017-02-22,0
yzqbN6z8ncc,2017-02-23,3
yzqbN6z8ncc,2017-02-24,3
yzqbN6z8ncc,2017-02-25,4
yzqbN6z8ncc,2017-02-26,0
yzqbN6z8ncc,2017-02-27,1
yzqbN6z8ncc,2017-02-28,2
yzqbN6z8ncc,2017-03-01,4
yzqbN6z8ncc,2017-03-02,0
yzqbN6z8ncc,2017-03-03,1
yzqbN6z8ncc,2017-03-04,2
yzqbN6z8ncc,2017-03-05,-4
yzqbN6z8ncc,2017-03-06,2
yzqbN6z8ncc,2017-03-07,4
yzqbN6z8ncc,2017-03-08,2
yzqbN6z8ncc,2017-03-09,0
yzqbN6z8ncc,2017-03-10,2
yzqbN6z8ncc,2017-03-11,0
yzqbN6z8ncc,2017-03-12,4
yzqbN6z8ncc,2017-03-13,0
yzqbN6z8ncc,2017-03-14,1
yzqbN6z8ncc,2017-03-15,0
yzqbN6z8ncc,2017-03-16,4
yzqbN6z8ncc,2017-03-17,1
yzqbN6z8ncc,2017-03-18,3
yzqbN6z8ncc,2017-03-19,0
yzqbN6z8ncc,2017-03-20,1
yzqbN6z8ncc,2017-03-21,1
yzqbN6z8ncc,2017-03-22,1
yzqbN6z8ncc,2017-03-23,2
yzqbN6z8ncc,2017-03-24,1
yzqbN6z8ncc,2017-03-25,1
yzqbN6z8ncc,2017-03-26,1
yzqbN6z8ncc,2017-03-27,2
yzqbN6z8ncc,2017-03-28,2
yzqbN6z8ncc,2017-03-29,5
yzqbN6z8ncc,2017-03-30,0
yzqbN6z8ncc,2017-03-31,3
yzqbN6z8ncc,2017-04-01,1
yzqbN6z8ncc,2017-04-02,3
yzqbN6z8ncc,2017-04-03,1
yzqbN6z8ncc,2017-04-04,1
yzqbN6z8ncc,2017-04-05,2
yzqbN6z8ncc,2017-04-06,1
yzqbN6z8ncc,2017-04-07,1
yzqbN6z8ncc,2017-04-08,3
yzqbN6z8ncc,2017-04-09,1
yzqbN6z8ncc,2017-04-10,0
yzqbN6z8ncc,2017-04-11,0
yzqbN6z8ncc,2017-04-12,2
yzqbN6z8ncc,2017-04-13,1
yzqbN6z8ncc,2017-04-14,3
yzqbN6z8ncc,2017-04-15,2
yzqbN6z8ncc,2017-04-16,1
yzqbN6z8ncc,2017-04-17,1
yzqbN6z8ncc,2017-04-18,0
yzqbN6z8ncc,2017-04-19,3
yzqbN6z8ncc,2017-04-20,1
yzqbN6z8ncc,2017-04-21,1
yzqbN6z8ncc,2017-04-22,1
yzqbN6z8ncc,2017-04-23,0
yzqbN6z8ncc,2017-04-24,1
yzqbN6z8ncc,2017-04-25,1
yzqbN6z8ncc,2017-04-26,5
yzqbN6z8ncc,2017-04-27,3
yzqbN6z8ncc,2017-04-28,0
yzqbN6z8ncc,2017-04-29,5
yzqbN6z8ncc,2017-04-30,1
yzqbN6z8ncc,2017-05-01,5
yzqbN6z8ncc,2017-05-02,2
yzqbN6z8ncc,2017-05-03,3
yzqbN6z8ncc,2017-05-04,2
yzqbN6z8ncc,2017-05-05,0
yzqbN6z8ncc,2017-05-06,1
yzqbN6z8ncc,2017-05-07,5
yzqbN6z8ncc,2017-05-08,1
yzqbN6z8ncc,2017-05-09,4
yzqbN6z8ncc,2017-05-10,1
yzqbN6z8ncc,2017-05-11,1
yzqbN6z8ncc,2017-05-12,1
yzqbN6z8ncc,2017-05-13,2
yzqbN6z8ncc,2017-05-14,1
yzqbN6z8ncc,2017-05-15,0
yzqbN6z8ncc,2017-05-16,0
yzqbN6z8ncc,2017-05-17,1
yzqbN6z8ncc,2017-05-18,-1
yzqbN6z8ncc,2017-05-19,0
yzqbN6z8ncc,2017-05-20,1
yzqbN6z8ncc,2017-05-21,2
yzqbN6z8ncc,2017-05-22,4
yzqbN6z8ncc,2017-05-23,3
yzqbN6z8ncc,2017-05-24,1
yzqbN6z8ncc,2017-05-25,1
yzqbN6z8ncc,2017-05-26,3
yzqbN6z8ncc,2017-05-27,1
yzqbN6z8ncc,2017-05-28,2
yzqbN6z8ncc,2017-05-29,4
yzqbN6z8ncc,2017-05-30,1
yzqbN6z8ncc,2017-05-31,0
yzqbN6z8ncc,2017-06-01,1
yzqbN6z8ncc,2017-06-02,1
yzqbN6z8ncc,2017-06-03,1
yzqbN6z8ncc,2017-06-04,4
yzqbN6z8ncc,2017-06-05,3
yzqbN6z8ncc,2017-06-06,4
yzqbN6z8ncc,2017-06-07,1
yzqbN6z8ncc,2017-06-08,0
yzqbN6z8ncc,2017-06-09,1
yzqbN6z8ncc,2017-06-10,2
yzqbN6z8ncc,2017-06-11,0
yzqbN6z8ncc,2017-06-12,1
yzqbN6z8ncc,2017-06-13,1
yzqbN6z8ncc,2017-06-14,0
yzqbN6z8ncc,2017-06-15,1
yzqbN6z8ncc,2017-06-16,2
yzqbN6z8ncc,2017-06-17,4
yzqbN6z8ncc,2017-06-18,2
yzqbN6z8ncc,2017-06-19,5
yzqbN6z8ncc,2017-06-20,8
yzqbN6z8ncc,2017-06-21,6
yzqbN6z8ncc,2017-06-22,24
yzqbN6z8ncc,2017-06-23,66
yzqbN6z8ncc,2017-06-24,64
yzqbN6z8ncc,2017-06-25,113
yzqbN6z8ncc,2017-06-26,97
yzqbN6z8ncc,2017-06-27,69
yzqbN6z8ncc,2017-06-28,53
yzqbN6z8ncc,2017-06-29,27
yzqbN6z8ncc,2017-06-30,29
yzqbN6z8ncc,2017-07-01,32
yzqbN6z8ncc,2017-07-02,31
yzqbN6z8ncc,2017-07-03,18
yzqbN6z8ncc,2017-07-04,20
yzqbN6z8ncc,2017-07-05,12
yzqbN6z8ncc,2017-07-06,21
yzqbN6z8ncc,2017-07-07,14
yzqbN6z8ncc,2017-07-08,17
yzqbN6z8ncc,2017-07-09,18
yzqbN6z8ncc,2017-07-10,15
yzqbN6z8ncc,2017-07-11,27
yzqbN6z8ncc,2017-07-12,17
yzqbN6z8ncc,2017-07-13,28
yzqbN6z8ncc,2017-07-14,28
yzqbN6z8ncc,2017-07-15,19
yzqbN6z8ncc,2017-07-16,21
yzqbN6z8ncc,2017-07-17,15
yzqbN6z8ncc,2017-07-18,21
yzqbN6z8ncc,2017-07-19,12
yzqbN6z8ncc,2017-07-20,16
yzqbN6z8ncc,2017-07-21,10
yzqbN6z8ncc,2017-07-22,15
yzqbN6z8ncc,2017-07-23,12
yzqbN6z8ncc,2017-07-24,12
yzqbN6z8ncc,2017-07-25,11
yzqbN6z8ncc,2017-07-26,11
yzqbN6z8ncc,2017-07-27,10
yzqbN6z8ncc,2017-07-28,4
yzqbN6z8ncc,2017-07-29,4
yzqbN6z8ncc,2017-07-30,8
yzqbN6z8ncc,2017-07-31,3
yzqbN6z8ncc,2017-08-01,7
yzqbN6z8ncc,2017-08-02,3
yzqbN6z8ncc,2017-08-03,4
yzqbN6z8ncc,2017-08-04,7
yzqbN6z8ncc,2017-08-05,11
yzqbN6z8ncc,2017-08-06,10
yzqbN6z8ncc,2017-08-07,7
yzqbN6z8ncc,2017-08-08,4
yzqbN6z8ncc,2017-08-09,5
yzqbN6z8ncc,2017-08-10,2
yzqbN6z8ncc,2017-08-11,3
yzqbN6z8ncc,2017-08-12,9
yzqbN6z8ncc,2017-08-13,3
yzqbN6z8ncc,2017-08-14,7
yzqbN6z8ncc,2017-08-15,11
yzqbN6z8ncc,2017-08-16,4
yzqbN6z8ncc,2017-08-17,5
yzqbN6z8ncc,2017-08-18,2
yzqbN6z8ncc,2017-08-19,6
yzqbN6z8ncc,2017-08-20,2
yzqbN6z8ncc,2017-08-21,2
yzqbN6z8ncc,2017-08-22,4
yzqbN6z8ncc,2017-08-23,6
yzqbN6z8ncc,2017-08-24,2
yzqbN6z8ncc,2017-08-25,3
yzqbN6z8ncc,2017-08-26,1
yzqbN6z8ncc,2017-08-27,6
yzqbN6z8ncc,2017-08-28,4
yzqbN6z8ncc,2017-08-29,6
yzqbN6z8ncc,2017-08-30,9
yzqbN6z8ncc,2017-08-31,7
yzqbN6z8ncc,2017-09-01,5
yzqbN6z8ncc,2017-09-02,7
yzqbN6z8ncc,2017-09-03,5
yzqbN6z8ncc,2017-09-04,7
yzqbN6z8ncc,2017-09-05,7
yzqbN6z8ncc,2017-09-06,5
yzqbN6z8ncc,2017-09-07,4
yzqbN6z8ncc,2017-09-08,6
yzqbN6z8ncc,2017-09-09,9
yzqbN6z8ncc,2017-09-10,9
yzqbN6z8ncc,2017-09-11,13
yzqbN6z8ncc,2017-09-12,11
yzqbN6z8ncc,2017-09-13,19
yzqbN6z8ncc,2017-09-14,35
yzqbN6z8ncc,2017-09-15,33
yzqbN6z8ncc,2017-09-16,31
yzqbN6z8ncc,2017-09-17,33
yzqbN6z8ncc,2017-09-18,41
yzqbN6z8ncc,2017-09-19,25
yzqbN6z8ncc,2017-09-20,14
yzqbN6z8ncc,2017-09-21,11
yzqbN6z8ncc,2017-09-22,8
yzqbN6z8ncc,2017-09-23,12
yzqbN6z8ncc,2017-09-24,13
yzqbN6z8ncc,2017-09-25,8
yzqbN6z8ncc,2017-09-26,9
yzqbN6z8ncc,2017-09-27,11
yzqbN6z8ncc,2017-09-28,8
yzqbN6z8ncc,2017-09-29,6
yzqbN6z8ncc,2017-09-30,6
yzqbN6z8ncc,2017-10-01,8
yzqbN6z8ncc,2017-10-02,3
yzqbN6z8ncc,2017-10-03,9
yzqbN6z8ncc,2017-10-04,5
yzqbN6z8ncc,2017-10-05,9
yzqbN6z8ncc,2017-10-06,6
yzqbN6z8ncc,2017-10-07,5
yzqbN6z8ncc,2017-10-08,7
yzqbN6z8ncc,2017-10-09,5
yzqbN6z8ncc,2017-10-10,6
yzqbN6z8ncc,2017-10-11,5
yzqbN6z8ncc,2017-10-12,4
yzqbN6z8ncc,2017-10-13,4
yzqbN6z8ncc,2017-10-14,3
yzqbN6z8ncc,2017-10-15,3
yzqbN6z8ncc,2017-10-16,5
yzqbN6z8ncc,2017-10-17,7
yzqbN6z8ncc,2017-10-18,1
yzqbN6z8ncc,2017-10-19,4
yzqbN6z8ncc,2017-10-20,4
yzqbN6z8ncc,2017-10-21,6
yzqbN6z8ncc,2017-10-22,4
yzqbN6z8ncc,2017-10-23,10
yzqbN6z8ncc,2017-10-24,3
yzqbN6z8ncc,2017-10-25,3
yzqbN6z8ncc,2017-10-26,6
yzqbN6z8ncc,2017-10-27,4
yzqbN6z8ncc,2017-10-28,4
yzqbN6z8ncc,2017-10-29,5
yzqbN6z8ncc,2017-10-30,5
yzqbN6z8ncc,2017-10-31,4
yzqbN6z8ncc,2017-11-01,5
yzqbN6z8ncc,2017-11-02,4
yzqbN6z8ncc,2017-11-03,1
yzqbN6z8ncc,2017-11-04,7
yzqbN6z8ncc,2017-11-05,1
yzqbN6z8ncc,2017-11-06,8
yzqbN6z8ncc,2017-11-07,3
yzqbN6z8ncc,2017-11-08,3
yzqbN6z8ncc,2017-11-09,5
yzqbN6z8ncc,2017-11-10,-1
yzqbN6z8ncc,2017-11-11,7
yzqbN6z8ncc,2017-11-12,9
yzqbN6z8ncc,2017-11-13,7
yzqbN6z8ncc,2017-11-14,4
yzqbN6z8ncc,2017-11-15,3
yzqbN6z8ncc,2017-11-16,2
yzqbN6z8ncc,2017-11-17,2
yzqbN6z8ncc,2017-11-18,6
yzqbN6z8ncc,2017-11-19,0
yzqbN6z8ncc,2017-11-20,8
yzqbN6z8ncc,2017-11-21,3
yzqbN6z8ncc,2017-11-22,3
yzqbN6z8ncc,2017-11-23,6
yzqbN6z8ncc,2017-11-24,9
yzqbN6z8ncc,2017-11-25,3
yzqbN6z8ncc,2017-11-26,4
yzqbN6z8ncc,2017-11-27,2
yzqbN6z8ncc,2017-11-28,2
yzqbN6z8ncc,2017-11-29,4
yzqbN6z8ncc,2017-11-30,11
yzqbN6z8ncc,2017-12-01,3
yzqbN6z8ncc,2017-12-02,3
yzqbN6z8ncc,2017-12-03,8
yzqbN6z8ncc,2017-12-04,7
yzqbN6z8ncc,2017-12-05,7
yzqbN6z8ncc,2017-12-06,6
yzqbN6z8ncc,2017-12-07,8
yzqbN6z8ncc,2017-12-08,7
yzqbN6z8ncc,2017-12-09,8
yzqbN6z8ncc,2017-12-10,5
yzqbN6z8ncc,2017-12-11,3
yzqbN6z8ncc,2017-12-12,5
yzqbN6z8ncc,2017-12-13,11
yzqbN6z8ncc,2017-12-14,4
yzqbN6z8ncc,2017-12-15,4
yzqbN6z8ncc,2017-12-16,7
yzqbN6z8ncc,2017-12-17,7
yzqbN6z8ncc,2017-12-18,6
yzqbN6z8ncc,2017-12-19,3
yzqbN6z8ncc,2017-12-20,9
yzqbN6z8ncc,2017-12-21,3
yzqbN6z8ncc,2017-12-22,6
yzqbN6z8ncc,2017-12-23,7
yzqbN6z8ncc,2017-12-24,8
yzqbN6z8ncc,2017-12-25,6
yzqbN6z8ncc,2017-12-26,4
yzqbN6z8ncc,2017-12-27,2
yzqbN6z8ncc,2017-12-28,5
yzqbN6z8ncc,2017-12-29,8
yzqbN6z8ncc,2017-12-30,6
yzqbN6z8ncc,2017-12-31,2
yzqbN6z8ncc,2018-01-01,3
yzqbN6z8ncc,2018-01-02,5
yzqbN6z8ncc,2018-01-03,6
yzqbN6z8ncc,2018-01-04,7
yzqbN6z8ncc,2018-01-05,1
yzqbN6z8ncc,2018-01-06,5
yzqbN6z8ncc,2018-01-07,1
yzqbN6z8ncc,2018-01-08,4
yzqbN6z8ncc,2018-01-09,5
yzqbN6z8ncc,2018-01-10,4
yzqbN6z8ncc,2018-01-11,5
yzqbN6z8ncc,2018-01-12,5
yzqbN6z8ncc,2018-01-13,6
yzqbN6z8ncc,2018-01-14,9
yzqbN6z8ncc,2018-01-15,5
yzqbN6z8ncc,2018-01-16,2
yzqbN6z8ncc,2018-01-17,6
yzqbN6z8ncc,2018-01-18,4
yzqbN6z8ncc,2018-01-19,3
yzqbN6z8ncc,2018-01-20,1
yzqbN6z8ncc,2018-01-21,3
yzqbN6z8ncc,2018-01-22,3
yzqbN6z8ncc,2018-01-23,5
yzqbN6z8ncc,2018-01-24,9
yzqbN6z8ncc,2018-01-25,5
yzqbN6z8ncc,2018-01-26,2
yzqbN6z8ncc,2018-01-27,7
yzqbN6z8ncc,2018-01-28,5
yzqbN6z8ncc,2018-01-29,11
yzqbN6z8ncc,2018-01-30,22
yzqbN6z8ncc,2018-01-31,37
yzqbN6z8ncc,2018-02-01,27
yzqbN6z8ncc,2018-02-02,22
yzqbN6z8ncc,2018-02-03,12
yzqbN6z8ncc,2018-02-04,11
yzqbN6z8ncc,2018-02-05,5
yzqbN6z8ncc,2018-02-06,15
yzqbN6z8ncc,2018-02-07,5
yzqbN6z8ncc,2018-02-08,20
yzqbN6z8ncc,2018-02-09,9
yzqbN6z8ncc,2018-02-10,9
yzqbN6z8ncc,2018-02-11,12
yzqbN6z8ncc,2018-02-12,10
yzqbN6z8ncc,2018-02-13,17
yzqbN6z8ncc,2018-02-14,11
yzqbN6z8ncc,2018-02-15,15
yzqbN6z8ncc,2018-02-16,10
yzqbN6z8ncc,2018-02-17,14
yzqbN6z8ncc,2018-02-18,14
yzqbN6z8ncc,2018-02-19,13
yzqbN6z8ncc,2018-02-20,13
yzqbN6z8ncc,2018-02-21,15
yzqbN6z8ncc,2018-02-22,15
yzqbN6z8ncc,2018-02-23,18
yzqbN6z8ncc,2018-02-24,13
yzqbN6z8ncc,2018-02-25,13
yzqbN6z8ncc,2018-02-26,6
yzqbN6z8ncc,2018-02-27,5
yzqbN6z8ncc,2018-02-28,10
yzqbN6z8ncc,2018-03-01,6
yzqbN6z8ncc,2018-03-02,9
yzqbN6z8ncc,2018-03-03,6
yzqbN6z8ncc,2018-03-04,10
yzqbN6z8ncc,2018-03-05,15
yzqbN6z8ncc,2018-03-06,13
yzqbN6z8ncc,2018-03-07,12
yzqbN6z8ncc,2018-03-08,5
yzqbN6z8ncc,2018-03-09,13
yzqbN6z8ncc,2018-03-10,6
yzqbN6z8ncc,2018-03-11,11
yzqbN6z8ncc,2018-03-12,10
yzqbN6z8ncc,2018-03-13,4
yzqbN6z8ncc,2018-03-14,11
yzqbN6z8ncc,2018-03-15,13
yzqbN6z8ncc,2018-03-16,20
yzqbN6z8ncc,2018-03-17,16
yzqbN6z8ncc,2018-03-18,13
yzqbN6z8ncc,2018-03-19,5
yzqbN6z8ncc,2018-03-20,19
yzqbN6z8ncc,2018-03-21,8
yzqbN6z8ncc,2018-03-22,11
yzqbN6z8ncc,2018-03-23,7
yzqbN6z8ncc,2018-03-24,4
yzqbN6z8ncc,2018-03-25,5
yzqbN6z8ncc,2018-03-26,9
yzqbN6z8ncc,2018-03-27,9
yzqbN6z8ncc,2018-03-28,3
yzqbN6z8ncc,2018-03-29,8
yzqbN6z8ncc,2018-03-30,8
yzqbN6z8ncc,2018-03-31,7
yzqbN6z8ncc,2018-04-01,8
yzqbN6z8ncc,2018-04-02,8
yzqbN6z8ncc,2018-04-03,5
yzqbN6z8ncc,2018-04-04,3
yzqbN6z8ncc,2018-04-05,10
yzqbN6z8ncc,2018-04-06,10
yzqbN6z8ncc,2018-04-07,6
yzqbN6z8ncc,2018-04-08,13
yzqbN6z8ncc,2018-04-09,6
yzqbN6z8ncc,2018-04-10,6
yzqbN6z8ncc,2018-04-11,6
yzqbN6z8ncc,2018-04-12,5
yzqbN6z8ncc,2018-04-13,4
yzqbN6z8ncc,2018-04-14,10
yzqbN6z8ncc,2018-04-15,9
yzqbN6z8ncc,2018-04-16,12
yzqbN6z8ncc,2018-04-17,2
yzqbN6z8ncc,2018-04-18,7
yzqbN6z8ncc,2018-04-19,5
yzqbN6z8ncc,2018-04-20,2
yzqbN6z8ncc,2018-04-21,5
yzqbN6z8ncc,2018-04-22,7
yzqbN6z8ncc,2018-04-23,4
yzqbN6z8ncc,2018-04-24,8
yzqbN6z8ncc,2018-04-25,7
yzqbN6z8ncc,2018-04-26,4
yzqbN6z8ncc,2018-04-27,11
yzqbN6z8ncc,2018-04-28,8
yzqbN6z8ncc,2018-04-29,7
yzqbN6z8ncc,2018-04-30,6
yzqbN6z8ncc,2018-05-01,9
yzqbN6z8ncc,2018-05-02,2
yzqbN6z8ncc,2018-05-03,9
yzqbN6z8ncc,2018-05-04,5
yzqbN6z8ncc,2018-05-05,10
yzqbN6z8ncc,2018-05-06,6
yzqbN6z8ncc,2018-05-07,5
yzqbN6z8ncc,2018-05-08,9
yzqbN6z8ncc,2018-05-09,6
yzqbN6z8ncc,2018-05-10,6
yzqbN6z8ncc,2018-05-11,7
yzqbN6z8ncc,2018-05-12,8
yzqbN6z8ncc,2018-05-13,7
yzqbN6z8ncc,2018-05-14,13
yzqbN6z8ncc,2018-05-15,6
yzqbN6z8ncc,2018-05-16,10
yzqbN6z8ncc,2018-05-17,8
yzqbN6z8ncc,2018-05-18,11
yzqbN6z8ncc,2018-05-19,6
yzqbN6z8ncc,2018-05-20,6
yzqbN6z8ncc,2018-05-21,7
yzqbN6z8ncc,2018-05-22,6
yzqbN6z8ncc,2018-05-23,4
yzqbN6z8ncc,2018-05-24,4
yzqbN6z8ncc,2018-05-25,3
yzqbN6z8ncc,2018-05-26,5
yzqbN6z8ncc,2018-05-27,5
yzqbN6z8ncc,2018-05-28,11
yzqbN6z8ncc,2018-05-29,6
yzqbN6z8ncc,2018-05-30,5
yzqbN6z8ncc,2018-05-31,1
yzqbN6z8ncc,2018-06-01,4
yzqbN6z8ncc,2018-06-02,7
yzqbN6z8ncc,2018-06-03,4
yzqbN6z8ncc,2018-06-04,5
yzqbN6z8ncc,2018-06-05,1
yzqbN6z8ncc,2018-06-06,4
yzqbN6z8ncc,2018-06-07,3
yzqbN6z8ncc,2018-06-08,5
yzqbN6z8ncc,2018-06-09,3
yzqbN6z8ncc,2018-06-10,3
yzqbN6z8ncc,2018-06-11,5
yzqbN6z8ncc,2018-06-12,3
yzqbN6z8ncc,2018-06-13,5
yzqbN6z8ncc,2018-06-14,2
yzqbN6z8ncc,2018-06-15,3
yzqbN6z8ncc,2018-06-16,6
yzqbN6z8ncc,2018-06-17,2
yzqbN6z8ncc,2018-06-18,3
yzqbN6z8ncc,2018-06-19,3
yzqbN6z8ncc,2018-06-20,5
yzqbN6z8ncc,2018-06-21,0
yzqbN6z8ncc,2018-06-22,3
yzqbN6z8ncc,2018-06-23,3
yzqbN6z8ncc,2018-06-24,4
yzqbN6z8ncc,2018-06-25,5
yzqbN6z8ncc,2018-06-26,4
yzqbN6z8ncc,2018-06-27,3
yzqbN6z8ncc,2018-06-28,0
yzqbN6z8ncc,2018-06-29,6
yzqbN6z8ncc,2018-06-30,3
yzqbN6z8ncc,2018-07-01,5
yzqbN6z8ncc,2018-07-02,3
yzqbN6z8ncc,2018-07-03,9
yzqbN6z8ncc,2018-07-04,2
yzqbN6z8ncc,2018-07-05,3
yzqbN6z8ncc,2018-07-06,6
yzqbN6z8ncc,2018-07-07,8
yzqbN6z8ncc,2018-07-08,4
yzqbN6z8ncc,2018-07-09,8
yzqbN6z8ncc,2018-07-10,3
yzqbN6z8ncc,2018-07-11,4
yzqbN6z8ncc,2018-07-12,3
yzqbN6z8ncc,2018-07-13,7
yzqbN6z8ncc,2018-07-14,7
yzqbN6z8ncc,2018-07-15,3
yzqbN6z8ncc,2018-07-16,5
yzqbN6z8ncc,2018-07-17,8
yzqbN6z8ncc,2018-07-18,7
yzqbN6z8ncc,2018-07-19,8
yzqbN6z8ncc,2018-07-20,5
yzqbN6z8ncc,2018-07-21,13
yzqbN6z8ncc,2018-07-22,17
yzqbN6z8ncc,2018-07-23,8
yzqbN6z8ncc,2018-07-24,7
yzqbN6z8ncc,2018-07-25,7
yzqbN6z8ncc,2018-07-26,3
yzqbN6z8ncc,2018-07-27,4
yzqbN6z8ncc,2018-07-28,10
yzqbN6z8ncc,2018-07-29,4
yzqbN6z8ncc,2018-07-30,5
yzqbN6z8ncc,2018-07-31,5
yzqbN6z8ncc,2018-08-01,5
yzqbN6z8ncc,2018-08-02,9
yzqbN6z8ncc,2018-08-03,6
yzqbN6z8ncc,2018-08-04,10
yzqbN6z8ncc,2018-08-05,10
yzqbN6z8ncc,2018-08-06,5
yzqbN6z8ncc,2018-08-07,8
yzqbN6z8ncc,2018-08-08,9
yzqbN6z8ncc,2018-08-09,11
yzqbN6z8ncc,2018-08-10,7
yzqbN6z8ncc,2018-08-11,6
yzqbN6z8ncc,2018-08-12,7
yzqbN6z8ncc,2018-08-13,8
yzqbN6z8ncc,2018-08-14,5
yzqbN6z8ncc,2018-08-15,5
yzqbN6z8ncc,2018-08-16,7
yzqbN6z8ncc,2018-08-17,5
yzqbN6z8ncc,2018-08-18,7
yzqbN6z8ncc,2018-08-19,4
yzqbN6z8ncc,2018-08-20,9
yzqbN6z8ncc,2018-08-21,4
yzqbN6z8ncc,2018-08-22,5
yzqbN6z8ncc,2018-08-23,7
yzqbN6z8ncc,2018-08-24,10
yzqbN6z8ncc,2018-08-25,7
yzqbN6z8ncc,2018-08-26,8
yzqbN6z8ncc,2018-08-27,8
yzqbN6z8ncc,2018-08-28,3
yzqbN6z8ncc,2018-08-29,7
yzqbN6z8ncc,2018-08-30,12
yzqbN6z8ncc,2018-08-31,7
yzqbN6z8ncc,2018-09-01,13
yzqbN6z8ncc,2018-09-02,11
yzqbN6z8ncc,2018-09-03,12
yzqbN6z8ncc,2018-09-04,8
yzqbN6z8ncc,2018-09-05,8
yzqbN6z8ncc,2018-09-06,11
yzqbN6z8ncc,2018-09-07,6
yzqbN6z8ncc,2018-09-08,10
yzqbN6z8ncc,2018-09-09,7
yzqbN6z8ncc,2018-09-10,11
yzqbN6z8ncc,2018-09-11,10
yzqbN6z8ncc,2018-09-12,12
yzqbN6z8ncc,2018-09-13,6
yzqbN6z8ncc,2018-09-14,9
yzqbN6z8ncc,2018-09-15,11
yzqbN6z8ncc,2018-09-16,15
yzqbN6z8ncc,2018-09-17,17
yzqbN6z8ncc,2018-09-18,17
yzqbN6z8ncc,2018-09-19,12
yzqbN6z8ncc,2018-09-20,12
yzqbN6z8ncc,2018-09-21,10
yzqbN6z8ncc,2018-09-22,10
yzqbN6z8ncc,2018-09-23,9
yzqbN6z8ncc,2018-09-24,12
yzqbN6z8ncc,2018-09-25,9
yzqbN6z8ncc,2018-09-26,8
yzqbN6z8ncc,2018-09-27,4
yzqbN6z8ncc,2018-09-28,10
yzqbN6z8ncc,2018-09-29,10
yzqbN6z8ncc,2018-09-30,5
yzqbN6z8ncc,2018-10-01,8
yzqbN6z8ncc,2018-10-02,8
yzqbN6z8ncc,2018-10-03,3
yzqbN6z8ncc,2018-10-04,4
yzqbN6z8ncc,2018-10-05,7
yzqbN6z8ncc,2018-10-06,8
yzqbN6z8ncc,2018-10-07,6
yzqbN6z8ncc,2018-10-08,7
yzqbN6z8ncc,2018-10-09,5
yzqbN6z8ncc,2018-10-10,8
yzqbN6z8ncc,2018-10-11,8
yzqbN6z8ncc,2018-10-12,7
yzqbN6z8ncc,2018-10-13,4
yzqbN6z8ncc,2018-10-14,9
yzqbN6z8ncc,2018-10-15,9
yzqbN6z8ncc,2018-10-16,6
yzqbN6z8ncc,2018-10-17,6
yzqbN6z8ncc,2018-10-18,8
yzqbN6z8ncc,2018-10-19,3
yzqbN6z8ncc,2018-10-20,4
yzqbN6z8ncc,2018-10-21,7
yzqbN6z8ncc,2018-10-22,5
yzqbN6z8ncc,2018-10-23,4
yzqbN6z8ncc,2018-10-24,2
yzqbN6z8ncc,2018-10-25,7
yzqbN6z8ncc,2018-10-26,5
yzqbN6z8ncc,2018-10-27,5
yzqbN6z8ncc,2018-10-28,9
yzqbN6z8ncc,2018-10-29,7
yzqbN6z8ncc,2018-10-30,11
yzqbN6z8ncc,2018-10-31,7
yzqbN6z8ncc,2018-11-01,7
yzqbN6z8ncc,2018-11-02,8
yzqbN6z8ncc,2018-11-03,8
yzqbN6z8ncc,2018-11-04,13
yzqbN6z8ncc,2018-11-05,5
yzqbN6z8ncc,2018-11-06,12
yzqbN6z8ncc,2018-11-07,7
yzqbN6z8ncc,2018-11-08,5
yzqbN6z8ncc,2018-11-09,8
yzqbN6z8ncc,2018-11-10,8
yzqbN6z8ncc,2018-11-11,17
yzqbN6z8ncc,2018-11-12,12
yzqbN6z8ncc,2018-11-13,12
yzqbN6z8ncc,2018-11-14,4
yzqbN6z8ncc,2018-11-15,4
yzqbN6z8ncc,2018-11-16,7
yzqbN6z8ncc,2018-11-17,10
yzqbN6z8ncc,2018-11-18,9
yzqbN6z8ncc,2018-11-19,7
yzqbN6z8ncc,2018-11-20,9
yzqbN6z8ncc,2018-11-21,6
yzqbN6z8ncc,2018-11-22,11
yzqbN6z8ncc,2018-11-23,9
yzqbN6z8ncc,2018-11-24,8
yzqbN6z8ncc,2018-11-25,11
yzqbN6z8ncc,2018-11-26,16
yzqbN6z8ncc,2018-11-27,16
yzqbN6z8ncc,2018-11-28,14
yzqbN6z8ncc,2018-11-29,15
yzqbN6z8ncc,2018-11-30,16
yzqbN6z8ncc,2018-12-01,8
yzqbN6z8ncc,2018-12-02,15
yzqbN6z8ncc,2018-12-03,6
yzqbN6z8ncc,2018-12-04,6
yzqbN6z8ncc,2018-12-05,13
yzqbN6z8ncc,2018-12-06,15
yzqbN6z8ncc,2018-12-07,11
yzqbN6z8ncc,2018-12-08,14
yzqbN6z8ncc,2018-12-09,25
yzqbN6z8ncc,2018-12-10,8
yzqbN6z8ncc,2018-12-11,14
yzqbN6z8ncc,2018-12-12,7
yzqbN6z8ncc,2018-12-13,13
yzqbN6z8ncc,2018-12-14,9
yzqbN6z8ncc,2018-12-15,13
yzqbN6z8ncc,2018-12-16,13
yzqbN6z8ncc,2018-12-17,22
yzqbN6z8ncc,2018-12-18,14
yzqbN6z8ncc,2018-12-19,13
yzqbN6z8ncc,2018-12-20,13
yzqbN6z8ncc,2018-12-21,11
yzqbN6z8ncc,2018-12-22,9
yzqbN6z8ncc,2018-12-23,17
yzqbN6z8ncc,2018-12-24,13
yzqbN6z8ncc,2018-12-25,8
yzqbN6z8ncc,2018-12-26,16
yzqbN6z8ncc,2018-12-27,14
yzqbN6z8ncc,2018-12-28,12
yzqbN6z8ncc,2018-12-29,12
yzqbN6z8ncc,2018-12-30,9
yzqbN6z8ncc,2018-12-31,15
yzqbN6z8ncc,2019-01-01,19
yzqbN6z8ncc,2019-01-02,15
yzqbN6z8ncc,2019-01-03,15
yzqbN6z8ncc,2019-01-04,14
yzqbN6z8ncc,2019-01-05,17
yzqbN6z8ncc,2019-01-06,12
yzqbN6z8ncc,2019-01-07,13
yzqbN6z8ncc,2019-01-08,9
yzqbN6z8ncc,2019-01-09,6
yzqbN6z8ncc,2019-01-10,14
yzqbN6z8ncc,2019-01-11,14
yzqbN6z8ncc,2019-01-12,17
yzqbN6z8ncc,2019-01-13,26
yzqbN6z8ncc,2019-01-14,17
yzqbN6z8ncc,2019-01-15,26
yzqbN6z8ncc,2019-01-16,21
yzqbN6z8ncc,2019-01-17,17
yzqbN6z8ncc,2019-01-18,19
yzqbN6z8ncc,2019-01-19,15
yzqbN6z8ncc,2019-01-20,8
yzqbN6z8ncc,2019-01-21,10
yzqbN6z8ncc,2019-01-22,10
yzqbN6z8ncc,2019-01-23,16
yzqbN6z8ncc,2019-01-24,14
yzqbN6z8ncc,2019-01-25,18
yzqbN6z8ncc,2019-01-26,13
yzqbN6z8ncc,2019-01-27,6
yzqbN6z8ncc,2019-01-28,16
yzqbN6z8ncc,2019-01-29,19
yzqbN6z8ncc,2019-01-30,9
yzqbN6z8ncc,2019-01-31,9
yzqbN6z8ncc,2019-02-01,9
yzqbN6z8ncc,2019-02-02,12
yzqbN6z8ncc,2019-02-03,11
yzqbN6z8ncc,2019-02-04,14
yzqbN6z8ncc,2019-02-05,11
yzqbN6z8ncc,2019-02-06,11
yzqbN6z8ncc,2019-02-07,13
yzqbN6z8ncc,2019-02-08,6
yzqbN6z8ncc,2019-02-09,15
yzqbN6z8ncc,2019-02-10,15
yzqbN6z8ncc,2019-02-11,6
yzqbN6z8ncc,2019-02-12,12
yzqbN6z8ncc,2019-02-13,10
yzqbN6z8ncc,2019-02-14,11
yzqbN6z8ncc,2019-02-15,14
yzqbN6z8ncc,2019-02-16,14
yzqbN6z8ncc,2019-02-17,24
yzqbN6z8ncc,2019-02-18,15
yzqbN6z8ncc,2019-02-19,11
yzqbN6z8ncc,2019-02-20,14
yzqbN6z8ncc,2019-02-21,13
yzqbN6z8ncc,2019-02-22,5
yzqbN6z8ncc,2019-02-23,9
yzqbN6z8ncc,2019-02-24,18
yzqbN6z8ncc,2019-02-25,7
yzqbN6z8ncc,2019-02-26,6
yzqbN6z8ncc,2019-02-27,7
yzqbN6z8ncc,2019-02-28,5
yzqbN6z8ncc,2019-03-01,3
yzqbN6z8ncc,2019-03-02,7
yzqbN6z8ncc,2019-03-03,7
yzqbN6z8ncc,2019-03-04,8
yzqbN6z8ncc,2019-03-05,10
yzqbN6z8ncc,2019-03-06,12
yzqbN6z8ncc,2019-03-07,8
yzqbN6z8ncc,2019-03-08,8
yzqbN6z8ncc,2019-03-09,7
yzqbN6z8ncc,2019-03-10,9
yzqbN6z8ncc,2019-03-11,6
yzqbN6z8ncc,2019-03-12,14
yzqbN6z8ncc,2019-03-13,6
yzqbN6z8ncc,2019-03-14,14
yzqbN6z8ncc,2019-03-15,9
yzqbN6z8ncc,2019-03-16,10
yzqbN6z8ncc,2019-03-17,14
yzqbN6z8ncc,2019-03-18,14
yzqbN6z8ncc,2019-03-19,4
yzqbN6z8ncc,2019-03-20,8
yzqbN6z8ncc,2019-03-21,11
yzqbN6z8ncc,2019-03-22,4
yzqbN6z8ncc,2019-03-23,12
yzqbN6z8ncc,2019-03-24,8
yzqbN6z8ncc,2019-03-25,6
yzqbN6z8ncc,2019-03-26,12
yzqbN6z8ncc,2019-03-27,10
yzqbN6z8ncc,2019-03-28,7
yzqbN6z8ncc,2019-03-29,5
yzqbN6z8ncc,2019-03-30,3
yzqbN6z8ncc,2019-03-31,13
yzqbN6z8ncc,2019-04-01,7
yzqbN6z8ncc,2019-04-02,7
yzqbN6z8ncc,2019-04-03,7
yzqbN6z8ncc,2019-04-04,7
yzqbN6z8ncc,2019-04-05,4
yzqbN6z8ncc,2019-04-06,5
yzqbN6z8ncc,2019-04-07,3
yzqbN6z8ncc,2019-04-08,5
yzqbN6z8ncc,2019-04-09,5
yzqbN6z8ncc,2019-04-10,5
yzqbN6z8ncc,2019-04-11,7
yzqbN6z8ncc,2019-04-12,5
yzqbN6z8ncc,2019-04-13,1
yzqbN6z8ncc,2019-04-14,5
yzqbN6z8ncc,2019-04-15,5
yzqbN6z8ncc,2019-04-16,5
yzqbN6z8ncc,2019-04-17,6
yzqbN6z8ncc,2019-04-18,5
yzqbN6z8ncc,2019-04-19,5
yzqbN6z8ncc,2019-04-20,6
yzqbN6z8ncc,2019-04-21,6
yzqbN6z8ncc,2019-04-22,9
yzqbN6z8ncc,2019-04-23,11
yzqbN6z8ncc,2019-04-24,11
yzqbN6z8ncc,2019-04-25,2
yzqbN6z8ncc,2019-04-26,1
yzqbN6z8ncc,2019-04-27,8
yzqbN6z8ncc,2019-04-28,4
yzqbN6z8ncc,2019-04-29,4
yzqbN6z8ncc,2019-04-30,5
yzqbN6z8ncc,2019-05-01,8
yzqbN6z8ncc,2019-05-02,9
yzqbN6z8ncc,2019-05-03,14
yzqbN6z8ncc,2019-05-04,5
yzqbN6z8ncc,2019-05-05,13
yzqbN6z8ncc,2019-05-06,8
yzqbN6z8ncc,2019-05-07,7
yzqbN6z8ncc,2019-05-08,19
yzqbN6z8ncc,2019-05-09,6
yzqbN6z8ncc,2019-05-10,7
yzqbN6z8ncc,2019-05-11,8
yzqbN6z8ncc,2019-05-12,7
yzqbN6z8ncc,2019-05-13,9
yzqbN6z8ncc,2019-05-14,3
yzqbN6z8ncc,2019-05-15,4
yzqbN6z8ncc,2019-05-16,6
yzqbN6z8ncc,2019-05-17,6
yzqbN6z8ncc,2019-05-18,5
yzqbN6z8ncc,2019-05-19,5
yzqbN6z8ncc,2019-05-20,9
yzqbN6z8ncc,2019-05-21,5
yzqbN6z8ncc,2019-05-22,7
yzqbN6z8ncc,2019-05-23,9
yzqbN6z8ncc,2019-05-24,9
yzqbN6z8ncc,2019-05-25,5
yzqbN6z8ncc,2019-05-26,10
yzqbN6z8ncc,2019-05-27,12
yzqbN6z8ncc,2019-05-28,9
yzqbN6z8ncc,2019-05-29,6
yzqbN6z8ncc,2019-05-30,9
yzqbN6z8ncc,2019-05-31,9
yzqbN6z8ncc,2019-06-01,8
yzqbN6z8ncc,2019-06-02,7
yzqbN6z8ncc,2019-06-03,10
yzqbN6z8ncc,2019-06-04,3
yzqbN6z8ncc,2019-06-05,5
yzqbN6z8ncc,2019-06-06,8
yzqbN6z8ncc,2019-06-07,9
yzqbN6z8ncc,2019-06-08,13
yzqbN6z8ncc,2019-06-09,6
yzqbN6z8ncc,2019-06-10,6
yzqbN6z8ncc,2019-06-11,13
yzqbN6z8ncc,2019-06-12,14
yzqbN6z8ncc,2019-06-13,7
yzqbN6z8ncc,2019-06-14,10
yzqbN6z8ncc,2019-06-15,13
yzqbN6z8ncc,2019-06-16,14
yzqbN6z8ncc,2019-06-17,7
yzqbN6z8ncc,2019-06-18,11
yzqbN6z8ncc,2019-06-19,6
yzqbN6z8ncc,2019-06-20,9
yzqbN6z8ncc,2019-06-21,5
yzqbN6z8ncc,2019-06-22,4
yzqbN6z8ncc,2019-06-23,6
yzqbN6z8ncc,2019-06-24,6
yzqbN6z8ncc,2019-06-25,7
yzqbN6z8ncc,2019-06-26,6
yzqbN6z8ncc,2019-06-27,8
yzqbN6z8ncc,2019-06-28,11
yzqbN6z8ncc,2019-06-29,9
yzqbN6z8ncc,2019-06-30,10
yzqbN6z8ncc,2019-07-01,6
yzqbN6z8ncc,2019-07-02,7
yzqbN6z8ncc,2019-07-03,3
yzqbN6z8ncc,2019-07-04,10
yzqbN6z8ncc,2019-07-05,8
yzqbN6z8ncc,2019-07-06,8
yzqbN6z8ncc,2019-07-07,9
yzqbN6z8ncc,2019-07-08,11
yzqbN6z8ncc,2019-07-09,10
yzqbN6z8ncc,2019-07-10,9
yzqbN6z8ncc,2019-07-11,9
yzqbN6z8ncc,2019-07-12,13
yzqbN6z8ncc,2019-07-13,7
yzqbN6z8ncc,2019-07-14,5
yzqbN6z8ncc,2019-07-15,13
yzqbN6z8ncc,2019-07-16,11
yzqbN6z8ncc,2019-07-17,6
yzqbN6z8ncc,2019-07-18,8
yzqbN6z8ncc,2019-07-19,10
yzqbN6z8ncc,2019-07-20,13
yzqbN6z8ncc,2019-07-21,8
yzqbN6z8ncc,2019-07-22,14
yzqbN6z8ncc,2019-07-23,8
yzqbN6z8ncc,2019-07-24,13
yzqbN6z8ncc,2019-07-25,19
yzqbN6z8ncc,2019-07-26,10
yzqbN6z8ncc,2019-07-27,13
yzqbN6z8ncc,2019-07-28,16
yzqbN6z8ncc,2019-07-29,10
yzqbN6z8ncc,2019-07-30,17
yzqbN6z8ncc,2019-07-31,23
yzqbN6z8ncc,2019-08-01,35
yzqbN6z8ncc,2019-08-02,25
yzqbN6z8ncc,2019-08-03,43
yzqbN6z8ncc,2019-08-04,34
yzqbN6z8ncc,2019-08-05,38
yzqbN6z8ncc,2019-08-06,47
yzqbN6z8ncc,2019-08-07,43
yzqbN6z8ncc,2019-08-08,45
yzqbN6z8ncc,2019-08-09,54
yzqbN6z8ncc,2019-08-10,54
yzqbN6z8ncc,2019-08-11,60
yzqbN6z8ncc,2019-08-12,52
yzqbN6z8ncc,2019-08-13,50
yzqbN6z8ncc,2019-08-14,58
yzqbN6z8ncc,2019-08-15,51
yzqbN6z8ncc,2019-08-16,67
yzqbN6z8ncc,2019-08-17,58
yzqbN6z8ncc,2019-08-18,75
yzqbN6z8ncc,2019-08-19,58
yzqbN6z8ncc,2019-08-20,74
yzqbN6z8ncc,2019-08-21,51
yzqbN6z8ncc,2019-08-22,45
yzqbN6z8ncc,2019-08-23,37
yzqbN6z8ncc,2019-08-24,42
yzqbN6z8ncc,2019-08-25,46
yzqbN6z8ncc,2019-08-26,32
yzqbN6z8ncc,2019-08-27,20
yzqbN6z8ncc,2019-08-28,16
yzqbN6z8ncc,2019-08-29,9
yzqbN6z8ncc,2019-08-30,15
yzqbN6z8ncc,2019-08-31,12
yzqbN6z8ncc,2019-09-01,16
yzqbN6z8ncc,2019-09-02,18
yzqbN6z8ncc,2019-09-03,17
yzqbN6z8ncc,2019-09-04,19
yzqbN6z8ncc,2019-09-05,8
yzqbN6z8ncc,2019-09-06,13
yzqbN6z8ncc,2019-09-07,10
yzqbN6z8ncc,2019-09-08,7
yzqbN6z8ncc,2019-09-09,12
yzqbN6z8ncc,2019-09-10,13
yzqbN6z8ncc,2019-09-11,10
yzqbN6z8ncc,2019-09-12,18
yzqbN6z8ncc,2019-09-13,9
yzqbN6z8ncc,2019-09-14,16
yzqbN6z8ncc,2019-09-15,20
yzqbN6z8ncc,2019-09-16,29
yzqbN6z8ncc,2019-09-17,19
yzqbN6z8ncc,2019-09-18,23
yzqbN6z8ncc,2019-09-19,23
yzqbN6z8ncc,2019-09-20,24
yzqbN6z8ncc,2019-09-21,32
yzqbN6z8ncc,2019-09-22,36
yzqbN6z8ncc,2019-09-23,32
yzqbN6z8ncc,2019-09-24,26
yzqbN6z8ncc,2019-09-25,25
yzqbN6z8ncc,2019-09-26,24
yzqbN6z8ncc,2019-09-27,24
yzqbN6z8ncc,2019-09-28,21
yzqbN6z8ncc,2019-09-29,22
yzqbN6z8ncc,2019-09-30,18
yzqbN6z8ncc,2019-10-01,24
yzqbN6z8ncc,2019-10-02,11
yzqbN6z8ncc,2019-10-03,15
yzqbN6z8ncc,2019-10-04,13
yzqbN6z8ncc,2019-10-05,10
yzqbN6z8ncc,2019-10-06,17
yzqbN6z8ncc,2019-10-07,9
yzqbN6z8ncc,2019-10-08,16
yzqbN6z8ncc,2019-10-09,13
yzqbN6z8ncc,2019-10-10,9
yzqbN6z8ncc,2019-10-11,9
yzqbN6z8ncc,2019-10-12,7
yzqbN6z8ncc,2019-10-13,14
yzqbN6z8ncc,2019-10-14,11
yzqbN6z8ncc,2019-10-15,6
yzqbN6z8ncc,2019-10-16,10
yzqbN6z8ncc,2019-10-17,9
yzqbN6z8ncc,2019-10-18,7
yzqbN6z8ncc,2019-10-19,17
yzqbN6z8ncc,2019-10-20,14
yzqbN6z8ncc,2019-10-21,15
yzqbN6z8ncc,2019-10-22,6
yzqbN6z8ncc,2019-10-23,6
yzqbN6z8ncc,2019-10-24,9
yzqbN6z8ncc,2019-10-25,6
yzqbN6z8ncc,2019-10-26,7
yzqbN6z8ncc,2019-10-27,7
yzqbN6z8ncc,2019-10-28,5
yzqbN6z8ncc,2019-10-29,4
yzqbN6z8ncc,2019-10-30,9
yzqbN6z8ncc,2019-10-31,4
yzqbN6z8ncc,2019-11-01,7
yzqbN6z8ncc,2019-11-02,10
yzqbN6z8ncc,2019-11-03,5
yzqbN6z8ncc,2019-11-04,5
yzqbN6z8ncc,2019-11-05,7
yzqbN6z8ncc,2019-11-06,8
yzqbN6z8ncc,2019-11-07,14
yzqbN6z8ncc,2019-11-08,5
yzqbN6z8ncc,2019-11-09,4
yzqbN6z8ncc,2019-11-10,1
yzqbN6z8ncc,2019-11-11,5
yzqbN6z8ncc,2019-11-12,8
yzqbN6z8ncc,2019-11-13,12
yzqbN6z8ncc,2019-11-14,11
yzqbN6z8ncc,2019-11-15,6
yzqbN6z8ncc,2019-11-16,12
yzqbN6z8ncc,2019-11-17,7
yzqbN6z8ncc,2019-11-18,6
yzqbN6z8ncc,2019-11-19,10
yzqbN6z8ncc,2019-11-20,8
yzqbN6z8ncc,2019-11-21,6
yzqbN6z8ncc,2019-11-22,10
yzqbN6z8ncc,2019-11-23,12
yzqbN6z8ncc,2019-11-24,8
yzqbN6z8ncc,2019-11-25,11
yzqbN6z8ncc,2019-11-26,5
yzqbN6z8ncc,2019-11-27,7
yzqbN6z8ncc,2019-11-28,8
yzqbN6z8ncc,2019-11-29,4
yzqbN6z8ncc,2019-11-30,13
yzqbN6z8ncc,2019-12-01,16
yzqbN6z8ncc,2019-12-02,13
yzqbN6z8ncc,2019-12-03,11
yzqbN6z8ncc,2019-12-04,11
yzqbN6z8ncc,2019-12-05,15
yzqbN6z8ncc,2019-12-06,11
yzqbN6z8ncc,2019-12-07,13
yzqbN6z8ncc,2019-12-08,18
yzqbN6z8ncc,2019-12-09,10
yzqbN6z8ncc,2019-12-10,11
yzqbN6z8ncc,2019-12-11,14
yzqbN6z8ncc,2019-12-12,7
yzqbN6z8ncc,2019-12-13,12
yzqbN6z8ncc,2019-12-14,7
yzqbN6z8ncc,2019-12-15,12
yzqbN6z8ncc,2019-12-16,13
yzqbN6z8ncc,2019-12-17,16
yzqbN6z8ncc,2019-12-18,15
yzqbN6z8ncc,2019-12-19,19
yzqbN6z8ncc,2019-12-20,10
yzqbN6z8ncc,2019-12-21,16
yzqbN6z8ncc,2019-12-22,17
yzqbN6z8ncc,2019-12-23,20
yzqbN6z8ncc,2019-12-24,10
yzqbN6z8ncc,2019-12-25,17
yzqbN6z8ncc,2019-12-26,7
yzqbN6z8ncc,2019-12-27,11
yzqbN6z8ncc,2019-12-28,12
yzqbN6z8ncc,2019-12-29,14
yzqbN6z8ncc,2019-12-30,11
yzqbN6z8ncc,2019-12-31,12
yzqbN6z8ncc,2020-01-01,20
yzqbN6z8ncc,2020-01-02,10
yzqbN6z8ncc,2020-01-03,5
yzqbN6z8ncc,2020-01-04,9
yzqbN6z8ncc,2020-01-05,8
yzqbN6z8ncc,2020-01-06,11
yzqbN6z8ncc,2020-01-07,11
yzqbN6z8ncc,2020-01-08,7
yzqbN6z8ncc,2020-01-09,10
yzqbN6z8ncc,2020-01-10,19
yzqbN6z8ncc,2020-01-11,8
yzqbN6z8ncc,2020-01-12,19
yzqbN6z8ncc,2020-01-13,10
yzqbN6z8ncc,2020-01-14,15
yzqbN6z8ncc,2020-01-15,17
yzqbN6z8ncc,2020-01-16,10
yzqbN6z8ncc,2020-01-17,26
yzqbN6z8ncc,2020-01-18,21
yzqbN6z8ncc,2020-01-19,22
yzqbN6z8ncc,2020-01-20,18
yzqbN6z8ncc,2020-01-21,20
yzqbN6z8ncc,2020-01-22,16
yzqbN6z8ncc,2020-01-23,23
yzqbN6z8ncc,2020-01-24,22
yzqbN6z8ncc,2020-01-25,13
yzqbN6z8ncc,2020-01-26,12
yzqbN6z8ncc,2020-01-27,19
yzqbN6z8ncc,2020-01-28,23
yzqbN6z8ncc,2020-01-29,13
yzqbN6z8ncc,2020-01-30,14
yzqbN6z8ncc,2020-01-31,19
yzqbN6z8ncc,2020-02-01,25
yzqbN6z8ncc,2020-02-02,17
yzqbN6z8ncc,2020-02-03,13
yzqbN6z8ncc,2020-02-04,10
yzqbN6z8ncc,2020-02-05,12
yzqbN6z8ncc,2020-02-06,19
yzqbN6z8ncc,2020-02-07,12
yzqbN6z8ncc,2020-02-08,19
yzqbN6z8ncc,2020-02-09,10
yzqbN6z8ncc,2020-02-10,8
yzqbN6z8ncc,2020-02-11,12
yzqbN6z8ncc,2020-02-12,18
yzqbN6z8ncc,2020-02-13,10
yzqbN6z8ncc,2020-02-14,6
yzqbN6z8ncc,2020-02-15,16
yzqbN6z8ncc,2020-02-16,6
yzqbN6z8ncc,2020-02-17,12
yzqbN6z8ncc,2020-02-18,7
yzqbN6z8ncc,2020-02-19,13
yzqbN6z8ncc,2020-02-20,12
yzqbN6z8ncc,2020-02-21,9
yzqbN6z8ncc,2020-02-22,10
yzqbN6z8ncc,2020-02-23,9
yzqbN6z8ncc,2020-02-24,9
yzqbN6z8ncc,2020-02-25,10
yzqbN6z8ncc,2020-02-26,30
yzqbN6z8ncc,2020-02-27,16
yzqbN6z8ncc,2020-02-28,15
yzqbN6z8ncc,2020-02-29,6
yzqbN6z8ncc,2020-03-01,11
yzqbN6z8ncc,2020-03-02,9
yzqbN6z8ncc,2020-03-03,6
yzqbN6z8ncc,2020-03-04,15
yzqbN6z8ncc,2020-03-05,6
yzqbN6z8ncc,2020-03-06,8
yzqbN6z8ncc,2020-03-07,14
yzqbN6z8ncc,2020-03-08,15
yzqbN6z8ncc,2020-03-09,11
yzqbN6z8ncc,2020-03-10,6
yzqbN6z8ncc,2020-03-11,8
yzqbN6z8ncc,2020-03-12,8
yzqbN6z8ncc,2020-03-13,6
yzqbN6z8ncc,2020-03-14,11
yzqbN6z8ncc,2020-03-15,16
yzqbN6z8ncc,2020-03-16,11
yzqbN6z8ncc,2020-03-17,8
yzqbN6z8ncc,2020-03-18,11
yzqbN6z8ncc,2020-03-19,9
yzqbN6z8ncc,2020-03-20,7
yzqbN6z8ncc,2020-03-21,9
yzqbN6z8ncc,2020-03-22,20
yzqbN6z8ncc,2020-03-23,20
yzqbN6z8ncc,2020-03-24,18
yzqbN6z8ncc,2020-03-25,11
yzqbN6z8ncc,2020-03-26,8
yzqbN6z8ncc,2020-03-27,20
yzqbN6z8ncc,2020-03-28,25
yzqbN6z8ncc,2020-03-29,25
yzqbN6z8ncc,2020-03-30,23
yzqbN6z8ncc,2020-03-31,44
yzqbN6z8ncc,2020-04-01,44
yzqbN6z8ncc,2020-04-02,39
yzqbN6z8ncc,2020-04-03,40
yzqbN6z8ncc,2020-04-04,50
yzqbN6z8ncc,2020-04-05,71
yzqbN6z8ncc,2020-04-06,60
yzqbN6z8ncc,2020-04-07,49
yzqbN6z8ncc,2020-04-08,74
yzqbN6z8ncc,2020-04-09,77
yzqbN6z8ncc,2020-04-10,33
yzqbN6z8ncc,2020-04-11,43
yzqbN6z8ncc,2020-04-12,44
yzqbN6z8ncc,2020-04-13,59
yzqbN6z8ncc,2020-04-14,39
yzqbN6z8ncc,2020-04-15,29
yzqbN6z8ncc,2020-04-16,25
yzqbN6z8ncc,2020-04-17,24
yzqbN6z8ncc,2020-04-18,21
yzqbN6z8ncc,2020-04-19,17
yzqbN6z8ncc,2020-04-20,22
yzqbN6z8ncc,2020-04-21,12
yzqbN6z8ncc,2020-04-22,6
yzqbN6z8ncc,2020-04-23,14
yzqbN6z8ncc,2020-04-24,7
yzqbN6z8ncc,2020-04-25,9
yzqbN6z8ncc,2020-04-26,8
yzqbN6z8ncc,2020-04-27,8
yzqbN6z8ncc,2020-04-28,11
yzqbN6z8ncc,2020-04-29,11
yzqbN6z8ncc,2020-04-30,7
yzqbN6z8ncc,2020-05-01,11
yzqbN6z8ncc,2020-05-02,6
yzqbN6z8ncc,2020-05-03,9
yzqbN6z8ncc,2020-05-04,16
yzqbN6z8ncc,2020-05-05,15
yzqbN6z8ncc,2020-05-06,8
yzqbN6z8ncc,2020-05-07,10
yzqbN6z8ncc,2020-05-08,8
yzqbN6z8ncc,2020-05-09,16
yzqbN6z8ncc,2020-05-10,6
yzqbN6z8ncc,2020-05-11,13
yzqbN6z8ncc,2020-05-12,7
yzqbN6z8ncc,2020-05-13,9
yzqbN6z8ncc,2020-05-14,9
yzqbN6z8ncc,2020-05-15,11
yzqbN6z8ncc,2020-05-16,15
yzqbN6z8ncc,2020-05-17,16
yzqbN6z8ncc,2020-05-18,16
yzqbN6z8ncc,2020-05-19,5
yzqbN6z8ncc,2020-05-20,15
yzqbN6z8ncc,2020-05-21,17
yzqbN6z8ncc,2020-05-22,20
yzqbN6z8ncc,2020-05-23,15
yzqbN6z8ncc,2020-05-24,28
yzqbN6z8ncc,2020-05-25,36
yzqbN6z8ncc,2020-05-26,17
yzqbN6z8ncc,2020-05-27,28
yzqbN6z8ncc,2020-05-28,23
yzqbN6z8ncc,2020-05-29,27
yzqbN6z8ncc,2020-05-30,32
yzqbN6z8ncc,2020-05-31,27
yzqbN6z8ncc,2020-06-01,19
yzqbN6z8ncc,2020-06-02,20
yzqbN6z8ncc,2020-06-03,24
yzqbN6z8ncc,2020-06-04,25
yzqbN6z8ncc,2020-06-05,22
yzqbN6z8ncc,2020-06-06,14
yzqbN6z8ncc,2020-06-07,18
yzqbN6z8ncc,2020-06-08,21
yzqbN6z8ncc,2020-06-09,23
yzqbN6z8ncc,2020-06-10,19
yzqbN6z8ncc,2020-06-11,23
yzqbN6z8ncc,2020-06-12,21
yzqbN6z8ncc,2020-06-13,20
yzqbN6z8ncc,2020-06-14,12
yzqbN6z8ncc,2020-06-15,7
yzqbN6z8ncc,2020-06-16,14
yzqbN6z8ncc,2020-06-17,7
yzqbN6z8ncc,2020-06-18,16
yzqbN6z8ncc,2020-06-19,9
yzqbN6z8ncc,2020-06-20,19
yzqbN6z8ncc,2020-06-21,18
yzqbN6z8ncc,2020-06-22,10
yzqbN6z8ncc,2020-06-23,20
yzqbN6z8ncc,2020-06-24,11
yzqbN6z8ncc,2020-06-25,12
yzqbN6z8ncc,2020-06-26,15
yzqbN6z8ncc,2020-06-27,16
yzqbN6z8ncc,2020-06-28,15
yzqbN6z8ncc,2020-06-29,15
yzqbN6z8ncc,2020-06-30,14
yzqbN6z8ncc,2020-07-01,15
yzqbN6z8ncc,2020-07-02,13
yzqbN6z8ncc,2020-07-03,13
yzqbN6z8ncc,2020-07-04,19
yzqbN6z8ncc,2020-07-05,11
yzqbN6z8ncc,2020-07-06,15
yzqbN6z8ncc,2020-07-07,13
yzqbN6z8ncc,2020-07-08,14
yzqbN6z8ncc,2020-07-09,18
yzqbN6z8ncc,2020-07-10,8
yzqbN6z8ncc,2020-07-11,8
yzqbN6z8ncc,2020-07-12,14
yzqbN6z8ncc,2020-07-13,17
yzqbN6z8ncc,2020-07-14,13
yzqbN6z8ncc,2020-07-15,15
yzqbN6z8ncc,2020-07-16,14
yzqbN6z8ncc,2020-07-17,7
yzqbN6z8ncc,2020-07-18,10
yzqbN6z8ncc,2020-07-19,9
yzqbN6z8ncc,2020-07-20,5
yzqbN6z8ncc,2020-07-21,9
yzqbN6z8ncc,2020-07-22,10
yzqbN6z8ncc,2020-07-23,6
yzqbN6z8ncc,2020-07-24,3
yzqbN6z8ncc,2020-07-25,8
yzqbN6z8ncc,2020-07-26,8
yzqbN6z8ncc,2020-07-27,15
yzqbN6z8ncc,2020-07-28,8
yzqbN6z8ncc,2020-07-29,9
yzqbN6z8ncc,2020-07-30,7
yzqbN6z8ncc,2020-07-31,2
yzqbN6z8ncc,2020-08-01,8
yzqbN6z8ncc,2020-08-02,11
yzqbN6z8ncc,2020-08-03,3
yzqbN6z8ncc,2020-08-04,3
yzqbN6z8ncc,2020-08-05,6
yzqbN6z8ncc,2020-08-06,11
yzqbN6z8ncc,2020-08-07,9
yzqbN6z8ncc,2020-08-08,4
yzqbN6z8ncc,2020-08-09,10
yzqbN6z8ncc,2020-08-10,7
yzqbN6z8ncc,2020-08-11,7
yzqbN6z8ncc,2020-08-12,7
yzqbN6z8ncc,2020-08-13,13
yzqbN6z8ncc,2020-08-14,10
yzqbN6z8ncc,2020-08-15,15
yzqbN6z8ncc,2020-08-16,19
yzqbN6z8ncc,2020-08-17,8
yzqbN6z8ncc,2020-08-18,9
yzqbN6z8ncc,2020-08-19,9
yzqbN6z8ncc,2020-08-20,8
yzqbN6z8ncc,2020-08-21,10
yzqbN6z8ncc,2020-08-22,9
yzqbN6z8ncc,2020-08-23,9
yzqbN6z8ncc,2020-08-24,11
yzqbN6z8ncc,2020-08-25,6
yzqbN6z8ncc,2020-08-26,5
yzqbN6z8ncc,2020-08-27,4
yzqbN6z8ncc,2020-08-28,5
yzqbN6z8ncc,2020-08-29,6
yzqbN6z8ncc,2020-08-30,2
yzqbN6z8ncc,2020-08-31,4
yzqbN6z8ncc,2020-09-01,9
yzqbN6z8ncc,2020-09-02,8
yzqbN6z8ncc,2020-09-03,6
yzqbN6z8ncc,2020-09-04,16
yzqbN6z8ncc,2020-09-05,5
yzqbN6z8ncc,2020-09-06,14
yzqbN6z8ncc,2020-09-07,2
yzqbN6z8ncc,2020-09-08,12
yzqbN6z8ncc,2020-09-09,5
yzqbN6z8ncc,2020-09-10,10
yzqbN6z8ncc,2020-09-11,6
yzqbN6z8ncc,2020-09-12,13
yzqbN6z8ncc,2020-09-13,6
yzqbN6z8ncc,2020-09-14,27
yzqbN6z8ncc,2020-09-15,13
yzqbN6z8ncc,2020-09-16,11
yzqbN6z8ncc,2020-09-17,7
yzqbN6z8ncc,2020-09-18,11
yzqbN6z8ncc,2020-09-19,4
yzqbN6z8ncc,2020-09-20,8
yzqbN6z8ncc,2020-09-21,16
yzqbN6z8ncc,2020-09-22,5
yzqbN6z8ncc,2020-09-23,1
yzqbN6z8ncc,2020-09-24,5
yzqbN6z8ncc,2020-09-25,4
yzqbN6z8ncc,2020-09-26,3
yzqbN6z8ncc,2020-09-27,3
yzqbN6z8ncc,2020-09-28,4
yzqbN6z8ncc,2020-09-29,6
yzqbN6z8ncc,2020-09-30,6
yzqbN6z8ncc,2020-10-01,2
yzqbN6z8ncc,2020-10-02,4
yzqbN6z8ncc,2020-10-03,5
yzqbN6z8ncc,2020-10-04,7
yzqbN6z8ncc,2020-10-05,10
yzqbN6z8ncc,2020-10-06,9
yzqbN6z8ncc,2020-10-07,10
yzqbN6z8ncc,2020-10-08,4
yzqbN6z8ncc,2020-10-09,5
yzqbN6z8ncc,2020-10-10,9
yzqbN6z8ncc,2020-10-11,8
yzqbN6z8ncc,2020-10-12,4
yzqbN6z8ncc,2020-10-13,8
yzqbN6z8ncc,2020-10-14,7
yzqbN6z8ncc,2020-10-15,8
yzqbN6z8ncc,2020-10-16,14
yzqbN6z8ncc,2020-10-17,5
yzqbN6z8ncc,2020-10-18,15
yzqbN6z8ncc,2020-10-19,8
yzqbN6z8ncc,2020-10-20,10
yzqbN6z8ncc,2020-10-21,6
yzqbN6z8ncc,2020-10-22,15
yzqbN6z8ncc,2020-10-23,2
yzqbN6z8ncc,2020-10-24,11
yzqbN6z8ncc,2020-10-25,9
yzqbN6z8ncc,2020-10-26,15
yzqbN6z8ncc,2020-10-27,7
yzqbN6z8ncc,2020-10-28,8
yzqbN6z8ncc,2020-10-29,11
yzqbN6z8ncc,2020-10-30,2
yzqbN6z8ncc,2020-10-31,6
yzqbN6z8ncc,2020-11-01,8
yzqbN6z8ncc,2020-11-02,10
yzqbN6z8ncc,2020-11-03,10
yzqbN6z8ncc,2020-11-04,6
yzqbN6z8ncc,2020-11-05,4
yzqbN6z8ncc,2020-11-06,10
yzqbN6z8ncc,2020-11-07,5
yzqbN6z8ncc,2020-11-08,3
yzqbN6z8ncc,2020-11-09,12
yzqbN6z8ncc,2020-11-10,4
yzqbN6z8ncc,2020-11-11,7
yzqbN6z8ncc,2020-11-12,9
yzqbN6z8ncc,2020-11-13,6
yzqbN6z8ncc,2020-11-14,8
yzqbN6z8ncc,2020-11-15,11
yzqbN6z8ncc,2020-11-16,7
yzqbN6z8ncc,2020-11-17,9
yzqbN6z8ncc,2020-11-18,6
yzqbN6z8ncc,2020-11-19,9
yzqbN6z8ncc,2020-11-20,5
yzqbN6z8ncc,2020-11-21,11
yzqbN6z8ncc,2020-11-22,8
yzqbN6z8ncc,2020-11-23,7
yzqbN6z8ncc,2020-11-24,13
yzqbN6z8ncc,2020-11-25,0
yzqbN6z8ncc,2020-11-26,2
yzqbN6z8ncc,2020-11-27,4
yzqbN6z8ncc,2020-11-28,6
yzqbN6z8ncc,2020-11-29,5
yzqbN6z8ncc,2020-11-30,8
yzqbN6z8ncc,2020-12-01,8
yzqbN6z8ncc,2020-12-02,10
yzqbN6z8ncc,2020-12-03,11
yzqbN6z8ncc,2020-12-04,7
yzqbN6z8ncc,2020-12-05,10
yzqbN6z8ncc,2020-12-06,4
yzqbN6z8ncc,2020-12-07,0
yzqbN6z8ncc,2020-12-08,2
yzqbN6z8ncc,2020-12-09,3
yzqbN6z8ncc,2020-12-10,10
yzqbN6z8ncc,2020-12-11,9
yzqbN6z8ncc,2020-12-12,7
yzqbN6z8ncc,2020-12-13,6
yzqbN6z8ncc,2020-12-14,7
yzqbN6z8ncc,2020-12-15,11
yzqbN6z8ncc,2020-12-16,7
yzqbN6z8ncc,2020-12-17,5
yzqbN6z8ncc,2020-12-18,5
yzqbN6z8ncc,2020-12-19,11
yzqbN6z8ncc,2020-12-20,3
yzqbN6z8ncc,2020-12-21,5
yzqbN6z8ncc,2020-12-22,8
yzqbN6z8ncc,2020-12-23,7
yzqbN6z8ncc,2020-12-24,4
yzqbN6z8ncc,2020-12-25,14
yzqbN6z8ncc,2020-12-26,6
yzqbN6z8ncc,2020-12-27,10
yzqbN6z8ncc,2020-12-28,13
yzqbN6z8ncc,2020-12-29,18
yzqbN6z8ncc,2020-12-30,17
yzqbN6z8ncc,2020-12-31,14
yzqbN6z8ncc,2021-01-01,4
yzqbN6z8ncc,2021-01-02,11
yzqbN6z8ncc,2021-01-03,17
yzqbN6z8ncc,2021-01-04,6
yzqbN6z8ncc,2021-01-05,13
yzqbN6z8ncc,2021-01-06,11
yzqbN6z8ncc,2021-01-07,11
yzqbN6z8ncc,2021-01-08,9
yzqbN6z8ncc,2021-01-09,6
yzqbN6z8ncc,2021-01-10,4
yzqbN6z8ncc,2021-01-11,9
yzqbN6z8ncc,2021-01-12,10
yzqbN6z8ncc,2021-01-13,12
yzqbN6z8ncc,2021-01-14,9
yzqbN6z8ncc,2021-01-15,6
yzqbN6z8ncc,2021-01-16,6
yzqbN6z8ncc,2021-01-17,8
yzqbN6z8ncc,2021-01-18,4
yzqbN6z8ncc,2021-01-19,6
yzqbN6z8ncc,2021-01-20,4
yzqbN6z8ncc,2021-01-21,8
yzqbN6z8ncc,2021-01-22,9
yzqbN6z8ncc,2021-01-23,6
yzqbN6z8ncc,2021-01-24,5
yzqbN6z8ncc,2021-01-25,6
yzqbN6z8ncc,2021-01-26,8
yzqbN6z8ncc,2021-01-27,7
yzqbN6z8ncc,2021-01-28,4
yzqbN6z8ncc,2021-01-29,5
yzqbN6z8ncc,2021-01-30,5
yzqbN6z8ncc,2021-01-31,8
yzqbN6z8ncc,2021-02-01,13
yzqbN6z8ncc,2021-02-02,8
yzqbN6z8ncc,2021-02-03,7
yzqbN6z8ncc,2021-02-04,7
yzqbN6z8ncc,2021-02-05,4
yzqbN6z8ncc,2021-02-06,6
yzqbN6z8ncc,2021-02-07,9
yzqbN6z8ncc,2021-02-08,9
yzqbN6z8ncc,2021-02-09,10
yzqbN6z8ncc,2021-02-10,9
yzqbN6z8ncc,2021-02-11,8
yzqbN6z8ncc,2021-02-12,9
yzqbN6z8ncc,2021-02-13,7
yzqbN6z8ncc,2021-02-14,9
yzqbN6z8ncc,2021-02-15,8
yzqbN6z8ncc,2021-02-16,4
yzqbN6z8ncc,2021-02-17,8
yzqbN6z8ncc,2021-02-18,3
yzqbN6z8ncc,2021-02-19,10
yzqbN6z8ncc,2021-02-20,3
yzqbN6z8ncc,2021-02-21,7
yzqbN6z8ncc,2021-02-22,5
yzqbN6z8ncc,2021-02-23,11
yzqbN6z8ncc,2021-02-24,8
yzqbN6z8ncc,2021-02-25,9
yzqbN6z8ncc,2021-02-26,6
yzqbN6z8ncc,2021-02-27,6
yzqbN6z8ncc,2021-02-28,6
yzqbN6z8ncc,2021-03-01,1
yzqbN6z8ncc,2021-03-02,10
yzqbN6z8ncc,2021-03-03,11
yzqbN6z8ncc,2021-03-04,8
yzqbN6z8ncc,2021-03-05,5
yzqbN6z8ncc,2021-03-06,7
yzqbN6z8ncc,2021-03-07,7
yzqbN6z8ncc,2021-03-08,9
yzqbN6z8ncc,2021-03-09,13
yzqbN6z8ncc,2021-03-10,4
yzqbN6z8ncc,2021-03-11,6
yzqbN6z8ncc,2021-03-12,5
yzqbN6z8ncc,2021-03-13,6
yzqbN6z8ncc,2021-03-14,1
yzqbN6z8ncc,2021-03-15,10
yzqbN6z8ncc,2021-03-16,7
yzqbN6z8ncc,2021-03-17,6
yzqbN6z8ncc,2021-03-18,5
yzqbN6z8ncc,2021-03-19,5
yzqbN6z8ncc,2021-03-20,5
yzqbN6z8ncc,2021-03-21,5
yzqbN6z8ncc,2021-03-22,4
yzqbN6z8ncc,2021-03-23,2
yzqbN6z8ncc,2021-03-24,9
yzqbN6z8ncc,2021-03-25,3
yzqbN6z8ncc,2021-03-26,3
yzqbN6z8ncc,2021-03-27,4
yzqbN6z8ncc,2021-03-28,10
yzqbN6z8ncc,2021-03-29,4
yzqbN6z8ncc,2021-03-30,6
yzqbN6z8ncc,2021-03-31,4
yzqbN6z8ncc,2021-04-01,3
yzqbN6z8ncc,2021-04-02,11
yzqbN6z8ncc,2021-04-03,2
yzqbN6z8ncc,2021-04-04,4
yzqbN6z8ncc,2021-04-05,3
yzqbN6z8ncc,2021-04-06,6
yzqbN6z8ncc,2021-04-07,5
yzqbN6z8ncc,2021-04-08,4
yzqbN6z8ncc,2021-04-09,2
yzqbN6z8ncc,2021-04-10,3
yzqbN6z8ncc,2021-04-11,8
yzqbN6z8ncc,2021-04-12,4
yzqbN6z8ncc,2021-04-13,6
yzqbN6z8ncc,2021-04-14,4
yzqbN6z8ncc,2021-04-15,8
yzqbN6z8ncc,2021-04-16,7
yzqbN6z8ncc,2021-04-17,6
yzqbN6z8ncc,2021-04-18,8
yzqbN6z8ncc,2021-04-19,7
yzqbN6z8ncc,2021-04-20,6
yzqbN6z8ncc,2021-04-21,11
yzqbN6z8ncc,2021-04-22,19
yzqbN6z8ncc,2021-04-23,15
yzqbN6z8ncc,2021-04-24,12
yzqbN6z8ncc,2021-04-25,14
yzqbN6z8ncc,2021-04-26,9
yzqbN6z8ncc,2021-04-27,13
yzqbN6z8ncc,2021-04-28,13
yzqbN6z8ncc,2021-04-29,10
yzqbN6z8ncc,2021-04-30,17
yzqbN6z8ncc,2021-05-01,13
yzqbN6z8ncc,2021-05-02,13
yzqbN6z8ncc,2021-05-03,13
yzqbN6z8ncc,2021-05-04,11
yzqbN6z8ncc,2021-05-05,13
yzqbN6z8ncc,2021-05-06,12
yzqbN6z8ncc,2021-05-07,16
yzqbN6z8ncc,2021-05-08,17
yzqbN6z8ncc,2021-05-09,18
yzqbN6z8ncc,2021-05-10,17
yzqbN6z8ncc,2021-05-11,21
yzqbN6z8ncc,2021-05-12,15
yzqbN6z8ncc,2021-05-13,21
yzqbN6z8ncc,2021-05-14,18
yzqbN6z8ncc,2021-05-15,15
yzqbN6z8ncc,2021-05-16,18
yzqbN6z8ncc,2021-05-17,18
yzqbN6z8ncc,2021-05-18,20
yzqbN6z8ncc,2021-05-19,25
yzqbN6z8ncc,2021-05-20,27
yzqbN6z8ncc,2021-05-21,25
yzqbN6z8ncc,2021-05-22,19
yzqbN6z8ncc,2021-05-23,24
yzqbN6z8ncc,2021-05-24,18
yzqbN6z8ncc,2021-05-25,34
yzqbN6z8ncc,2021-05-26,26
yzqbN6z8ncc,2021-05-27,38
yzqbN6z8ncc,2021-05-28,22
yzqbN6z8ncc,2021-05-29,14
yzqbN6z8ncc,2021-05-30,24
yzqbN6z8ncc,2021-05-31,20
yzqbN6z8ncc,2021-06-01,23
yzqbN6z8ncc,2021-06-02,71
yzqbN6z8ncc,2021-06-03,7
yzqbN6z8ncc,2021-06-04,19
yzqbN6z8ncc,2021-06-05,11
yzqbN6z8ncc,2021-06-06,16
yzqbN6z8ncc,2021-06-07,21
yzqbN6z8ncc,2021-06-08,19
yzqbN6z8ncc,2021-06-09,16
yzqbN6z8ncc,2021-06-10,26
yzqbN6z8ncc,2021-06-11,16
yzqbN6z8ncc,2021-06-12,14
yzqbN6z8ncc,2021-06-13,23
yzqbN6z8ncc,2021-06-14,20
yzqbN6z8ncc,2021-06-15,15
yzqbN6z8ncc,2021-06-16,9
yzqbN6z8ncc,2021-06-17,16
yzqbN6z8ncc,2021-06-18,12
yzqbN6z8ncc,2021-06-19,19
yzqbN6z8ncc,2021-06-20,14
yzqbN6z8ncc,2021-06-21,16
yzqbN6z8ncc,2021-06-22,13
yzqbN6z8ncc,2021-06-23,16
yzqbN6z8ncc,2021-06-24,16
yzqbN6z8ncc,2021-06-25,12
yzqbN6z8ncc,2021-06-26,10
yzqbN6z8ncc,2021-06-27,17
yzqbN6z8ncc,2021-06-28,14
yzqbN6z8ncc,2021-06-29,6
yzqbN6z8ncc,2021-06-30,9
yzqbN6z8ncc,2021-07-01,9
yzqbN6z8ncc,2021-07-02,6
yzqbN6z8ncc,2021-07-03,10
yzqbN6z8ncc,2021-07-04,3
yzqbN6z8ncc,2021-07-05,8
yzqbN6z8ncc,2021-07-06,8
yzqbN6z8ncc,2021-07-07,10
yzqbN6z8ncc,2021-07-08,5
yzqbN6z8ncc,2021-07-09,5
yzqbN6z8ncc,2021-07-10,9
yzqbN6z8ncc,2021-07-11,7
yzqbN6z8ncc,2021-07-12,18
yzqbN6z8ncc,2021-07-13,23
yzqbN6z8ncc,2021-07-14,24
yzqbN6z8ncc,2021-07-15,27
yzqbN6z8ncc,2021-07-16,28
yzqbN6z8ncc,2021-07-17,38
yzqbN6z8ncc,2021-07-18,32
yzqbN6z8ncc,2021-07-19,36
yzqbN6z8ncc,2021-07-20,30
yzqbN6z8ncc,2021-07-21,36
yzqbN6z8ncc,2021-07-22,31
yzqbN6z8ncc,2021-07-23,25
yzqbN6z8ncc,2021-07-24,24
yzqbN6z8ncc,2021-07-25,30
yzqbN6z8ncc,2021-07-26,20
yzqbN6z8ncc,2021-07-27,23
yzqbN6z8ncc,2021-07-28,25
yzqbN6z8ncc,2021-07-29,11
yzqbN6z8ncc,2021-07-30,14
yzqbN6z8ncc,2021-07-31,16
yzqbN6z8ncc,2021-08-01,21
yzqbN6z8ncc,2021-08-02,7
yzqbN6z8ncc,2021-08-03,14
yzqbN6z8ncc,2021-08-04,8
yzqbN6z8ncc,2021-08-05,14
yzqbN6z8ncc,2021-08-06,9
yzqbN6z8ncc,2021-08-07,14
yzqbN6z8ncc,2021-08-08,9
yzqbN6z8ncc,2021-08-09,9
yzqbN6z8ncc,2021-08-10,15
yzqbN6z8ncc,2021-08-11,11
yzqbN6z8ncc,2021-08-12,4
yzqbN6z8ncc,2021-08-13,8
yzqbN6z8ncc,2021-08-14,9
yzqbN6z8ncc,2021-08-15,9
yzqbN6z8ncc,2021-08-16,9
yzqbN6z8ncc,2021-08-17,1
yzqbN6z8ncc,2021-08-18,6
yzqbN6z8ncc,2021-08-19,8
yzqbN6z8ncc,2021-08-20,4
yzqbN6z8ncc,2021-08-21,9
yzqbN6z8ncc,2021-08-22,9
yzqbN6z8ncc,2021-08-23,5
yzqbN6z8ncc,2021-08-24,6
yzqbN6z8ncc,2021-08-25,7
yzqbN6z8ncc,2021-08-26,6
yzqbN6z8ncc,2021-08-27,6
yzqbN6z8ncc,2021-08-28,7
yzqbN6z8ncc,2021-08-29,12
yzqbN6z8ncc,2021-08-30,16
yzqbN6z8ncc,2021-08-31,13
yzqbN6z8ncc,2021-09-01,16
yzqbN6z8ncc,2021-09-02,16
yzqbN6z8ncc,2021-09-03,8
yzqbN6z8ncc,2021-09-04,8
yzqbN6z8ncc,2021-09-05,11
yzqbN6z8ncc,2021-09-06,19
yzqbN6z8ncc,2021-09-07,12
yzqbN6z8ncc,2021-09-08,14
yzqbN6z8ncc,2021-09-09,11
yzqbN6z8ncc,2021-09-10,18
yzqbN6z8ncc,2021-09-11,14
yzqbN6z8ncc,2021-09-12,10
yzqbN6z8ncc,2021-09-13,11
yzqbN6z8ncc,2021-09-14,12
yzqbN6z8ncc,2021-09-15,4
yzqbN6z8ncc,2021-09-16,9
yzqbN6z8ncc,2021-09-17,7
yzqbN6z8ncc,2021-09-18,9
yzqbN6z8ncc,2021-09-19,14
yzqbN6z8ncc,2021-09-20,12
yzqbN6z8ncc,2021-09-21,11
yzqbN6z8ncc,2021-09-22,13
yzqbN6z8ncc,2021-09-23,10
yzqbN6z8ncc,2021-09-24,7
yzqbN6z8ncc,2021-09-25,7
yzqbN6z8ncc,2021-09-26,9
yzqbN6z8ncc,2021-09-27,8
yzqbN6z8ncc,2021-09-28,8
yzqbN6z8ncc,2021-09-29,6
yzqbN6z8ncc,2021-09-30,3
yzqbN6z8ncc,2021-10-01,8
yzqbN6z8ncc,2021-10-02,3
yzqbN6z8ncc,2021-10-03,5
yzqbN6z8ncc,2021-10-04,5
yzqbN6z8ncc,2021-10-05,9
yzqbN6z8ncc,2021-10-06,5
yzqbN6z8ncc,2021-10-07,6
yzqbN6z8ncc,2021-10-08,7
yzqbN6z8ncc,2021-10-09,8
yzqbN6z8ncc,2021-10-10,7
yzqbN6z8ncc,2021-10-11,6
yzqbN6z8ncc,2021-10-12,13
yzqbN6z8ncc,2021-10-13,12
yzqbN6z8ncc,2021-10-14,8
yzqbN6z8ncc,2021-10-15,6
yzqbN6z8ncc,2021-10-16,12
yzqbN6z8ncc,2021-10-17,11
yzqbN6z8ncc,2021-10-18,12
yzqbN6z8ncc,2021-10-19,7
yzqbN6z8ncc,2021-10-20,9
yzqbN6z8ncc,2021-10-21,9
yzqbN6z8ncc,2021-10-22,5
yzqbN6z8ncc,2021-10-23,10
yzqbN6z8ncc,2021-10-24,6
yzqbN6z8ncc,2021-10-25,6
yzqbN6z8ncc,2021-10-26,7
yzqbN6z8ncc,2021-10-27,10
yzqbN6z8ncc,2021-10-28,10
yzqbN6z8ncc,2021-10-29,8
yzqbN6z8ncc,2021-10-30,4
yzqbN6z8ncc,2021-10-31,6
yzqbN6z8ncc,2021-11-01,5
yzqbN6z8ncc,2021-11-02,9
yzqbN6z8ncc,2021-11-03,6
yzqbN6z8ncc,2021-11-04,4
yzqbN6z8ncc,2021-11-05,8
yzqbN6z8ncc,2021-11-06,9
yzqbN6z8ncc,2021-11-07,5
yzqbN6z8ncc,2021-11-08,6
yzqbN6z8ncc,2021-11-09,13
yzqbN6z8ncc,2021-11-10,9
yzqbN6z8ncc,2021-11-11,11
yzqbN6z8ncc,2021-11-12,9
yzqbN6z8ncc,2021-11-13,10
yzqbN6z8ncc,2021-11-14,5
yzqbN6z8ncc,2021-11-15,9
yzqbN6z8ncc,2021-11-16,8
yzqbN6z8ncc,2021-11-17,4
yzqbN6z8ncc,2021-11-18,9
yzqbN6z8ncc,2021-11-19,6
yzqbN6z8ncc,2021-11-20,6
yzqbN6z8ncc,2021-11-21,10
yzqbN6z8ncc,2021-11-22,9
yzqbN6z8ncc,2021-11-23,4
yzqbN6z8ncc,2021-11-24,6
yzqbN6z8ncc,2021-11-25,3
yzqbN6z8ncc,2021-11-26,9
yzqbN6z8ncc,2021-11-27,7
yzqbN6z8ncc,2021-11-28,6
yzqbN6z8ncc,2021-11-29,7
yzqbN6z8ncc,2021-11-30,6
yzqbN6z8ncc,2021-12-01,7
yzqbN6z8ncc,2021-12-02,7
yzqbN6z8ncc,2021-12-03,8
yzqbN6z8ncc,2021-12-04,4
yzqbN6z8ncc,2021-12-05,12
yzqbN6z8ncc,2021-12-06,3
yzqbN6z8ncc,2021-12-07,9
yzqbN6z8ncc,2021-12-08,9
yzqbN6z8ncc,2021-12-09,5
yzqbN6z8ncc,2021-12-10,6
yzqbN6z8ncc,2021-12-11,1
yzqbN6z8ncc,2021-12-12,6
yzqbN6z8ncc,2021-12-13,5
yzqbN6z8ncc,2021-12-14,10
yzqbN6z8ncc,2021-12-15,2
yzqbN6z8ncc,2021-12-16,3
yzqbN6z8ncc,2021-12-17,5
yzqbN6z8ncc,2021-12-18,7
yzqbN6z8ncc,2021-12-19,3
yzqbN6z8ncc,2021-12-20,2
yzqbN6z8ncc,2021-12-21,2
yzqbN6z8ncc,2021-12-22,3
yzqbN6z8ncc,2021-12-23,3
yzqbN6z8ncc,2021-12-24,4
yzqbN6z8ncc,2021-12-25,2
yzqbN6z8ncc,2021-12-26,5
yzqbN6z8ncc,2021-12-27,4
yzqbN6z8ncc,2021-12-28,4
yzqbN6z8ncc,2021-12-29,2
yzqbN6z8ncc,2021-12-30,4
yzqbN6z8ncc,2021-12-31,2
yzqbN6z8ncc,2022-01-01,1
yzqbN6z8ncc,2022-01-02,5
yzqbN6z8ncc,2022-01-03,5
yzqbN6z8ncc,2022-01-04,3
yzqbN6z8ncc,2022-01-05,5
yzqbN6z8ncc,2022-01-06,6
yzqbN6z8ncc,2022-01-07,4
yzqbN6z8ncc,2022-01-08,-1
yzqbN6z8ncc,2022-01-09,5
yzqbN6z8ncc,2022-01-10,1
yzqbN6z8ncc,2022-01-11,6
yzqbN6z8ncc,2022-01-12,5
yzqbN6z8ncc,2022-01-13,5
yzqbN6z8ncc,2022-01-14,5
yzqbN6z8ncc,2022-01-15,5
yzqbN6z8ncc,2022-01-16,1
yzqbN6z8ncc,2022-01-17,4
yzqbN6z8ncc,2022-01-18,4
yzqbN6z8ncc,2022-01-19,4
yzqbN6z8ncc,2022-01-20,2
yzqbN6z8ncc,2022-01-21,4
yzqbN6z8ncc,2022-01-22,3
yzqbN6z8ncc,2022-01-23,6
yzqbN6z8ncc,2022-01-24,4
yzqbN6z8ncc,2022-01-25,3
yzqbN6z8ncc,2022-01-26,4
yzqbN6z8ncc,2022-01-27,6
yzqbN6z8ncc,2022-01-28,3
yzqbN6z8ncc,2022-01-29,2
yzqbN6z8ncc,2022-01-30,8
yzqbN6z8ncc,2022-01-31,5
yzqbN6z8ncc,2022-02-01,5
yzqbN6z8ncc,2022-02-02,2
yzqbN6z8ncc,2022-02-03,5
yzqbN6z8ncc,2022-02-04,1
yzqbN6z8ncc,2022-02-05,2
yzqbN6z8ncc,2022-02-06,1
yzqbN6z8ncc,2022-02-07,3
yzqbN6z8ncc,2022-02-08,1
yzqbN6z8ncc,2022-02-09,5
yzqbN6z8ncc,2022-02-10,3
yzqbN6z8ncc,2022-02-11,1
yzqbN6z8ncc,2022-02-12,3
yzqbN6z8ncc,2022-02-13,3
yzqbN6z8ncc,2022-02-14,10
yzqbN6z8ncc,2022-02-15,10
yzqbN6z8ncc,2022-02-16,6
yzqbN6z8ncc,2022-02-17,5
yzqbN6z8ncc,2022-02-18,4
yzqbN6z8ncc,2022-02-19,5
yzqbN6z8ncc,2022-02-20,4
yzqbN6z8ncc,2022-02-21,4
yzqbN6z8ncc,2022-02-22,1
yzqbN6z8ncc,2022-02-23,4
yzqbN6z8ncc,2022-02-24,0
yzqbN6z8ncc,2022-02-25,1
yzqbN6z8ncc,2022-02-26,4
yzqbN6z8ncc,2022-02-27,1
yzqbN6z8ncc,2022-02-28,5
yzqbN6z8ncc,2022-03-01,4
yzqbN6z8ncc,2022-03-02,5
yzqbN6z8ncc,2022-03-03,4
yzqbN6z8ncc,2022-03-04,2
yzqbN6z8ncc,2022-03-05,2
yzqbN6z8ncc,2022-03-06,-1
yzqbN6z8ncc,2022-03-07,1
yzqbN6z8ncc,2022-03-08,1
yzqbN6z8ncc,2022-03-09,5
yzqbN6z8ncc,2022-03-10,1
yzqbN6z8ncc,2022-03-11,1
yzqbN6z8ncc,2022-03-12,1
yzqbN6z8ncc,2022-03-13,5
yzqbN6z8ncc,2022-03-14,5
